0 1804 1016
0 1768 989
0 1732 962
0 1695 935
0 1658 908
0 1621 881
0 1584 854
0 1547 828
0 1509 801
0 1472 774
0 1435 747
0 1398 720
0 1361 693
0 1324 666
0 1287 639
0 1249 612
0 1212 585
0 1175 558
1 425 1016
1 461 989
1 497 962
1 533 935
1 569 908
1 606 881
1 643 854
1 680 828
1 716 801
1 753 774
1 790 747
1 827 720
1 864 693
1 901 666
1 938 639
1 974 612
1 1011 585
1 1048 558
2 60 881
2 136 854
2 212 828
2 288 801
2 364 774
2 440 747
2 516 720
2 592 693
2 668 666
2 744 639
2 820 612
2 896 585
2 972 558
3 40 774
3 149 747
3 258 720
3 368 693
3 479 666
3 590 639
3 702 612
3 813 585
3 924 558
