0 1881 1016
0 1842 989
0 1801 962
0 1761 935
0 1720 908
0 1679 881
0 1638 854
0 1597 828
0 1556 801
0 1515 774
0 1474 747
0 1433 720
0 1392 693
0 1351 666
0 1310 639
0 1269 612
0 1228 585
0 1187 558
1 468 1016
1 502 989
1 536 962
1 570 935
1 604 908
1 638 881
1 673 854
1 707 828
1 742 801
1 776 774
1 811 747
1 845 720
1 880 693
1 914 666
1 949 639
1 983 612
1 1017 585
1 1052 558
2 52 881
2 128 854
2 205 828
2 281 801
2 357 774
2 434 747
2 510 720
2 586 693
2 663 666
2 739 639
2 815 612
2 892 585
2 968 558
