0 1740 1016
0 1707 989
0 1674 962
0 1641 935
0 1608 908
0 1574 881
0 1541 854
0 1507 828
0 1474 801
0 1440 774
0 1406 747
0 1373 720
0 1339 693
0 1306 666
0 1272 639
0 1238 612
0 1205 585
0 1171 558
1 415 1016
1 450 989
1 486 962
1 521 935
1 557 908
1 592 881
1 628 854
1 664 828
1 700 801
1 736 774
1 772 747
1 808 720
1 845 693
1 881 666
1 918 639
1 955 612
1 992 585
1 1029 558
2 7 908
2 80 881
2 153 854
2 226 828
2 299 801
2 372 774
2 445 747
2 518 720
2 591 693
2 664 666
2 737 639
2 810 612
2 883 585
2 956 558
