0 1819 1016
0 1783 989
0 1746 962
0 1709 935
0 1671 908
0 1633 881
0 1596 854
0 1558 828
0 1520 801
0 1482 774
0 1443 747
0 1405 720
0 1367 693
0 1328 666
0 1290 639
0 1251 612
0 1212 585
0 1173 558
1 432 1016
1 466 989
1 502 962
1 537 935
1 573 908
1 608 881
1 644 854
1 679 828
1 715 801
1 751 774
1 786 747
1 822 720
1 858 693
1 893 666
1 929 639
1 965 612
1 1000 585
1 1035 558
2 36 908
2 106 881
2 177 854
2 248 828
2 319 801
2 390 774
2 460 747
2 531 720
2 602 693
2 673 666
2 744 639
2 815 612
2 886 585
2 957 558
