0 402 1016
0 440 989
0 478 962
0 516 935
0 554 908
0 592 881
0 630 854
0 668 828
0 706 801
0 744 774
0 783 747
0 821 720
0 860 693
0 898 666
0 937 639
0 975 612
0 1014 585
0 1053 558
1 1814 1016
1 1778 989
1 1741 962
1 1704 935
1 1667 908
1 1629 881
1 1592 854
1 1555 828
1 1517 801
1 1480 774
1 1442 747
1 1405 720
1 1367 693
1 1330 666
1 1292 639
1 1255 612
1 1217 585
1 1180 558
2 51 881
2 130 854
2 209 828
2 289 801
2 368 774
2 447 747
2 526 720
2 605 693
2 684 666
2 763 639
2 842 612
2 921 585
2 1000 558
3 20 774
3 133 747
3 248 720
3 363 693
3 478 666
3 594 639
3 710 612
3 826 585
3 942 558
