0 1782 1016
0 1748 989
0 1713 962
0 1678 935
0 1643 908
0 1608 881
0 1573 854
0 1538 828
0 1503 801
0 1468 774
0 1433 747
0 1398 720
0 1363 693
0 1328 666
0 1293 639
0 1258 612
0 1223 585
0 1188 558
1 364 1016
1 404 989
1 444 962
1 483 935
1 523 908
1 563 881
1 604 854
1 644 828
1 684 801
1 724 774
1 764 747
1 804 720
1 845 693
1 885 666
1 925 639
1 965 612
1 1005 585
1 1045 558
2 56 854
2 139 828
2 221 801
2 304 774
2 387 747
2 470 720
2 552 693
2 635 666
2 718 639
2 800 612
2 883 585
2 966 558
