0 1835 1016
0 1799 989
0 1761 962
0 1723 935
0 1685 908
0 1647 881
0 1609 854
0 1571 828
0 1532 801
0 1494 774
0 1456 747
0 1417 720
0 1378 693
0 1339 666
0 1301 639
0 1262 612
0 1223 585
0 1184 558
1 424 1016
1 461 989
1 498 962
1 535 935
1 572 908
1 609 881
1 646 854
1 683 828
1 720 801
1 757 774
1 795 747
1 832 720
1 869 693
1 907 666
1 944 639
1 981 612
1 1018 585
1 1056 558
2 72 854
2 155 828
2 237 801
2 320 774
2 403 747
2 486 720
2 569 693
2 651 666
2 734 639
2 817 612
2 900 585
2 983 558
