0 1823 1016
0 1786 989
0 1749 962
0 1711 935
0 1674 908
0 1636 881
0 1598 854
0 1560 828
0 1522 801
0 1485 774
0 1447 747
0 1409 720
0 1371 693
0 1333 666
0 1295 639
0 1257 612
0 1219 585
0 1181 558
1 452 1016
1 486 989
1 521 962
1 556 935
1 591 908
1 627 881
1 663 854
1 698 828
1 734 801
1 770 774
1 806 747
1 842 720
1 877 693
1 913 666
1 949 639
1 985 612
1 1020 585
1 1056 558
2 52 774
2 163 747
2 273 720
2 384 693
2 496 666
2 608 639
2 720 612
2 833 585
2 945 558
3 55 908
3 127 881
3 199 854
3 271 828
3 343 801
3 415 774
3 487 747
3 560 720
3 632 693
3 704 666
3 776 639
3 848 612
3 920 585
3 992 558
