0 1769 1016
0 1736 989
0 1702 962
0 1667 935
0 1633 908
0 1598 881
0 1564 854
0 1529 828
0 1494 801
0 1460 774
0 1425 747
0 1390 720
0 1356 693
0 1321 666
0 1286 639
0 1252 612
0 1217 585
0 1182 558
1 399 1016
1 436 989
1 474 962
1 513 935
1 551 908
1 590 881
1 629 854
1 668 828
1 707 801
1 746 774
1 785 747
1 825 720
1 864 693
1 903 666
1 942 639
1 981 612
1 1020 585
1 1059 558
2 10 908
2 85 881
2 160 854
2 235 828
2 311 801
2 386 774
2 461 747
2 536 720
2 611 693
2 687 666
2 762 639
2 837 612
2 912 585
2 988 558
