0 413 1016
0 449 989
0 487 962
0 524 935
0 562 908
0 600 881
0 637 854
0 675 828
0 713 801
0 751 774
0 790 747
0 828 720
0 866 693
0 904 666
0 942 639
0 980 612
0 1017 585
0 1055 558
1 1830 1016
1 1793 989
1 1755 962
1 1717 935
1 1679 908
1 1641 881
1 1603 854
1 1564 828
1 1526 801
1 1487 774
1 1448 747
1 1408 720
1 1369 693
1 1329 666
1 1289 639
1 1249 612
1 1208 585
1 1166 558
2 1203 1016
2 1198 989
2 1192 962
2 1186 935
2 1181 908
2 1175 881
2 1169 854
2 1163 828
2 1157 801
2 1152 774
2 1146 747
2 1140 720
2 1134 693
2 1128 666
2 1122 639
2 1116 612
2 1110 585
2 1104 558
