0 337 1016
0 378 989
0 419 962
0 460 935
0 501 908
0 542 881
0 584 854
0 625 828
0 666 801
0 708 774
0 749 747
0 791 720
0 832 693
0 873 666
0 915 639
0 956 612
0 998 585
0 1039 558
1 1708 1016
1 1678 989
1 1647 962
1 1616 935
1 1585 908
1 1553 881
1 1522 854
1 1491 828
1 1459 801
1 1428 774
1 1397 747
1 1366 720
1 1335 693
1 1304 666
1 1274 639
1 1243 612
1 1213 585
1 1183 558
2 55 854
2 139 828
2 223 801
2 307 774
2 391 747
2 475 720
2 559 693
2 643 666
2 727 639
2 811 612
2 895 585
2 979 558
