0 1748 1016
0 1715 989
0 1681 962
0 1648 935
0 1614 908
0 1580 881
0 1546 854
0 1512 828
0 1478 801
0 1445 774
0 1411 747
0 1377 720
0 1343 693
0 1309 666
0 1275 639
0 1241 612
0 1207 585
0 1173 558
1 340 1016
1 381 989
1 422 962
1 464 935
1 505 908
1 547 881
1 588 854
1 630 828
1 671 801
1 713 774
1 754 747
1 796 720
1 837 693
1 879 666
1 920 639
1 962 612
1 1003 585
1 1044 558
2 40 881
2 118 854
2 196 828
2 274 801
2 352 774
2 430 747
2 508 720
2 586 693
2 664 666
2 742 639
2 819 612
2 897 585
2 975 558
