0 1867 1016
0 1828 989
0 1788 962
0 1747 935
0 1707 908
0 1666 881
0 1626 854
0 1585 828
0 1545 801
0 1504 774
0 1464 747
0 1423 720
0 1382 693
0 1342 666
0 1301 639
0 1260 612
0 1220 585
0 1179 558
1 412 1016
1 448 989
1 486 962
1 523 935
1 561 908
1 598 881
1 636 854
1 674 828
1 712 801
1 750 774
1 788 747
1 826 720
1 864 693
1 902 666
1 940 639
1 978 612
1 1015 585
1 1053 558
2 1184 1016
2 1180 989
2 1176 962
2 1171 935
2 1167 908
2 1163 881
2 1159 854
2 1154 828
2 1150 801
2 1146 774
2 1142 747
2 1138 720
2 1134 693
2 1130 666
2 1126 639
2 1121 612
2 1117 585
2 1113 558
3 29 908
3 103 881
3 177 854
3 252 828
3 326 801
3 400 774
3 474 747
3 549 720
3 623 693
3 697 666
3 772 639
3 846 612
3 920 585
3 994 558
