0 406 1016
0 444 989
0 482 962
0 520 935
0 559 908
0 597 881
0 635 854
0 674 828
0 712 801
0 750 774
0 789 747
0 827 720
0 865 693
0 904 666
0 942 639
0 980 612
0 1019 585
0 1057 558
1 1811 1016
1 1775 989
1 1738 962
1 1702 935
1 1665 908
1 1628 881
1 1590 854
1 1553 828
1 1516 801
1 1478 774
1 1441 747
1 1403 720
1 1365 693
1 1327 666
1 1289 639
1 1251 612
1 1213 585
1 1175 558
2 61 854
2 146 828
2 230 801
2 314 774
2 398 747
2 482 720
2 566 693
2 650 666
2 734 639
2 818 612
2 902 585
2 986 558
3 16 774
3 130 747
3 245 720
3 360 693
3 476 666
3 592 639
3 708 612
3 824 585
3 940 558
