0 1809 1016
0 1773 989
0 1737 962
0 1700 935
0 1663 908
0 1626 881
0 1589 854
0 1552 828
0 1514 801
0 1477 774
0 1439 747
0 1401 720
0 1363 693
0 1324 666
0 1286 639
0 1247 612
0 1208 585
0 1168 558
1 399 1016
1 435 989
1 472 962
1 510 935
1 547 908
1 585 881
1 622 854
1 660 828
1 698 801
1 736 774
1 773 747
1 811 720
1 849 693
1 887 666
1 925 639
1 962 612
1 1000 585
1 1037 558
2 66 908
2 136 881
2 206 854
2 276 828
2 345 801
2 415 774
2 485 747
2 555 720
2 625 693
2 695 666
2 765 639
2 834 612
2 904 585
2 973 558
