0 1772 1016
0 1738 989
0 1704 962
0 1670 935
0 1636 908
0 1602 881
0 1568 854
0 1534 828
0 1500 801
0 1465 774
0 1431 747
0 1397 720
0 1363 693
0 1329 666
0 1295 639
0 1261 612
0 1227 585
0 1193 558
1 403 1016
1 441 989
1 477 962
1 515 935
1 552 908
1 589 881
1 627 854
1 664 828
1 702 801
1 740 774
1 778 747
1 817 720
1 856 693
1 895 666
1 934 639
1 974 612
1 1014 585
1 1055 558
2 4 774
2 121 747
2 237 720
2 354 693
2 471 666
2 588 639
2 706 612
2 823 585
2 941 558
3 6 908
3 83 881
3 159 854
3 236 828
3 313 801
3 389 774
3 466 747
3 543 720
3 619 693
3 696 666
3 773 639
3 849 612
3 926 585
3 1002 558
