0 1855 1016
0 1817 989
0 1779 962
0 1740 935
0 1702 908
0 1663 881
0 1624 854
0 1585 828
0 1545 801
0 1506 774
0 1467 747
0 1427 720
0 1388 693
0 1348 666
0 1308 639
0 1268 612
0 1228 585
0 1188 558
1 450 1016
1 484 989
1 519 962
1 554 935
1 589 908
1 624 881
1 659 854
1 694 828
1 729 801
1 764 774
1 799 747
1 834 720
1 869 693
1 904 666
1 939 639
1 974 612
1 1008 585
1 1043 558
2 36 908
2 107 881
2 179 854
2 251 828
2 323 801
2 395 774
2 467 747
2 539 720
2 611 693
2 683 666
2 755 639
2 827 612
2 899 585
2 971 558
