0 1825 1016
0 1788 989
0 1751 962
0 1713 935
0 1676 908
0 1638 881
0 1600 854
0 1562 828
0 1523 801
0 1485 774
0 1447 747
0 1408 720
0 1369 693
0 1331 666
0 1292 639
0 1253 612
0 1214 585
0 1174 558
1 428 1016
1 464 989
1 500 962
1 537 935
1 574 908
1 610 881
1 647 854
1 684 828
1 721 801
1 758 774
1 795 747
1 832 720
1 868 693
1 905 666
1 942 639
1 979 612
1 1016 585
1 1052 558
2 3 908
2 79 881
2 155 854
2 231 828
2 307 801
2 383 774
2 459 747
2 536 720
2 612 693
2 688 666
2 764 639
2 840 612
2 916 585
2 992 558
