0 390 1016
0 429 989
0 469 962
0 509 935
0 548 908
0 588 881
0 628 854
0 668 828
0 708 801
0 747 774
0 787 747
0 827 720
0 867 693
0 907 666
0 947 639
0 986 612
0 1026 585
0 1066 558
1 1806 1016
1 1770 989
1 1734 962
1 1697 935
1 1661 908
1 1624 881
1 1587 854
1 1550 828
1 1514 801
1 1477 774
1 1440 747
1 1403 720
1 1366 693
1 1329 666
1 1292 639
1 1255 612
1 1218 585
1 1181 558
2 38 774
2 151 747
2 264 720
2 378 693
2 492 666
2 606 639
2 721 612
2 836 585
2 950 558
3 1099 1016
3 1101 989
3 1102 962
3 1103 935
3 1105 908
3 1106 881
3 1107 854
3 1108 828
3 1110 801
3 1111 774
3 1112 747
3 1113 720
3 1114 693
3 1116 666
3 1117 639
3 1118 612
3 1119 585
3 1120 558
