0 1889 1016
0 1850 989
0 1810 962
0 1769 935
0 1728 908
0 1687 881
0 1646 854
0 1605 828
0 1564 801
0 1523 774
0 1482 747
0 1441 720
0 1400 693
0 1358 666
0 1317 639
0 1276 612
0 1235 585
0 1193 558
1 466 1016
1 500 989
1 536 962
1 571 935
1 607 908
1 642 881
1 678 854
1 713 828
1 749 801
1 784 774
1 820 747
1 856 720
1 891 693
1 927 666
1 962 639
1 998 612
1 1033 585
1 1069 558
2 16 935
2 86 908
2 156 881
2 227 854
2 298 828
2 368 801
2 439 774
2 510 747
2 581 720
2 652 693
2 723 666
2 794 639
2 864 612
2 935 585
2 1006 558
