0 419 1016
0 457 989
0 496 962
0 534 935
0 573 908
0 611 881
0 650 854
0 689 828
0 727 801
0 766 774
0 804 747
0 843 720
0 882 693
0 920 666
0 959 639
0 998 612
0 1036 585
0 1075 558
1 1840 1016
1 1803 989
1 1765 962
1 1727 935
1 1689 908
1 1650 881
1 1612 854
1 1574 828
1 1535 801
1 1497 774
1 1458 747
1 1419 720
1 1381 693
1 1342 666
1 1304 639
1 1265 612
1 1227 585
1 1188 558
2 33 774
2 147 747
2 262 720
2 377 693
2 493 666
2 609 639
2 725 612
2 841 585
2 957 558
3 1160 1016
3 1158 989
3 1157 962
3 1155 935
3 1153 908
3 1152 881
3 1150 854
3 1148 828
3 1146 801
3 1144 774
3 1143 747
3 1141 720
3 1139 693
3 1137 666
3 1135 639
3 1134 612
3 1132 585
3 1130 558
