0 431 1016
0 468 989
0 505 962
0 543 935
0 580 908
0 617 881
0 654 854
0 691 828
0 728 801
0 765 774
0 802 747
0 839 720
0 876 693
0 913 666
0 950 639
0 987 612
0 1024 585
0 1061 558
1 1835 1016
1 1798 989
1 1761 962
1 1723 935
1 1686 908
1 1648 881
1 1611 854
1 1573 828
1 1535 801
1 1498 774
1 1460 747
1 1423 720
1 1385 693
1 1348 666
1 1310 639
1 1273 612
1 1236 585
1 1199 558
2 60 774
2 168 747
2 276 720
2 384 693
2 493 666
2 601 639
2 710 612
2 820 585
2 928 558
3 55 908
3 126 881
3 198 854
3 269 828
3 340 801
3 411 774
3 483 747
3 554 720
3 625 693
3 696 666
3 768 639
3 839 612
3 910 585
3 981 558
