0 1874 1016
0 1835 989
0 1795 962
0 1755 935
0 1715 908
0 1675 881
0 1635 854
0 1595 828
0 1555 801
0 1515 774
0 1475 747
0 1435 720
0 1395 693
0 1354 666
0 1314 639
0 1274 612
0 1234 585
0 1194 558
1 469 1016
1 504 989
1 539 962
1 574 935
1 609 908
1 644 881
1 679 854
1 714 828
1 749 801
1 784 774
1 819 747
1 855 720
1 890 693
1 925 666
1 960 639
1 995 612
1 1030 585
1 1065 558
2 36 908
2 109 881
2 183 854
2 257 828
2 331 801
2 404 774
2 478 747
2 552 720
2 626 693
2 699 666
2 773 639
2 847 612
2 920 585
2 994 558
3 81 774
3 187 747
3 294 720
3 402 693
3 510 666
3 617 639
3 726 612
3 834 585
3 942 558
