0 1821 1016
0 1786 989
0 1750 962
0 1714 935
0 1677 908
0 1640 881
0 1604 854
0 1567 828
0 1530 801
0 1493 774
0 1455 747
0 1418 720
0 1380 693
0 1342 666
0 1304 639
0 1266 612
0 1227 585
0 1188 558
1 44 908
1 115 881
1 186 854
1 257 828
1 328 801
1 399 774
1 470 747
1 541 720
1 612 693
1 683 666
1 754 639
1 825 612
1 896 585
1 967 558
2 427 1016
2 462 989
2 498 962
2 534 935
2 570 908
2 606 881
2 642 854
2 679 828
2 715 801
2 751 774
2 787 747
2 823 720
2 859 693
2 895 666
2 931 639
2 967 612
2 1003 585
2 1039 558
