0 1760 1016
0 1727 989
0 1693 962
0 1659 935
0 1625 908
0 1590 881
0 1556 854
0 1521 828
0 1487 801
0 1452 774
0 1417 747
0 1382 720
0 1347 693
0 1311 666
0 1276 639
0 1240 612
0 1205 585
0 1169 558
1 311 1016
1 354 989
1 397 962
1 440 935
1 484 908
1 527 881
1 570 854
1 613 828
1 657 801
1 700 774
1 743 747
1 787 720
1 830 693
1 873 666
1 916 639
1 959 612
1 1003 585
1 1046 558
2 4 881
2 85 854
2 167 828
2 249 801
2 331 774
2 413 747
2 495 720
2 576 693
2 658 666
2 740 639
2 822 612
2 904 585
2 986 558
