0 1783 1016
0 1748 989
0 1713 962
0 1678 935
0 1643 908
0 1608 881
0 1573 854
0 1538 828
0 1503 801
0 1468 774
0 1433 747
0 1398 720
0 1363 693
0 1327 666
0 1292 639
0 1257 612
0 1222 585
0 1187 558
1 398 1016
1 434 989
1 472 962
1 509 935
1 547 908
1 584 881
1 622 854
1 659 828
1 697 801
1 735 774
1 773 747
1 810 720
1 848 693
1 886 666
1 924 639
1 961 612
1 999 585
1 1036 558
2 58 881
2 133 854
2 208 828
2 283 801
2 358 774
2 433 747
2 508 720
2 583 693
2 658 666
2 733 639
2 808 612
2 883 585
2 958 558
