0 1758 1016
0 1724 989
0 1690 962
0 1655 935
0 1621 908
0 1586 881
0 1551 854
0 1516 828
0 1481 801
0 1446 774
0 1412 747
0 1377 720
0 1342 693
0 1307 666
0 1272 639
0 1237 612
0 1202 585
0 1167 558
1 359 1016
1 397 989
1 436 962
1 476 935
1 516 908
1 556 881
1 596 854
1 636 828
1 676 801
1 716 774
1 757 747
1 797 720
1 837 693
1 877 666
1 917 639
1 957 612
1 997 585
1 1037 558
2 18 908
2 91 881
2 164 854
2 238 828
2 311 801
2 385 774
2 458 747
2 531 720
2 605 693
2 678 666
2 752 639
2 825 612
2 899 585
2 972 558
