0 1776 1016
0 1742 989
0 1707 962
0 1672 935
0 1637 908
0 1602 881
0 1566 854
0 1531 828
0 1496 801
0 1460 774
0 1425 747
0 1389 720
0 1353 693
0 1318 666
0 1282 639
0 1246 612
0 1211 585
0 1175 558
1 386 1016
1 426 989
1 465 962
1 505 935
1 545 908
1 585 881
1 625 854
1 664 828
1 704 801
1 744 774
1 784 747
1 824 720
1 864 693
1 904 666
1 944 639
1 983 612
1 1023 585
1 1063 558
2 36 881
2 115 854
2 194 828
2 274 801
2 353 774
2 433 747
2 512 720
2 591 693
2 671 666
2 750 639
2 830 612
2 909 585
2 989 558
