0 1774 1016
0 1740 989
0 1705 962
0 1670 935
0 1635 908
0 1599 881
0 1564 854
0 1528 828
0 1493 801
0 1457 774
0 1422 747
0 1386 720
0 1351 693
0 1315 666
0 1279 639
0 1244 612
0 1208 585
0 1173 558
1 421 1016
1 458 989
1 494 962
1 531 935
1 568 908
1 605 881
1 642 854
1 679 828
1 716 801
1 754 774
1 791 747
1 829 720
1 866 693
1 904 666
1 942 639
1 979 612
1 1017 585
1 1055 558
2 53 881
2 132 854
2 210 828
2 289 801
2 367 774
2 446 747
2 524 720
2 603 693
2 681 666
2 760 639
2 838 612
2 917 585
2 995 558
