0 1834 1016
0 1798 989
0 1761 962
0 1723 935
0 1685 908
0 1647 881
0 1609 854
0 1572 828
0 1534 801
0 1496 774
0 1458 747
0 1420 720
0 1382 693
0 1343 666
0 1305 639
0 1267 612
0 1229 585
0 1192 558
1 420 1016
1 458 989
1 496 962
1 534 935
1 572 908
1 610 881
1 649 854
1 687 828
1 726 801
1 764 774
1 803 747
1 841 720
1 880 693
1 918 666
1 957 639
1 995 612
1 1033 585
1 1072 558
2 39 774
2 154 747
2 268 720
2 383 693
2 498 666
2 613 639
2 728 612
2 844 585
2 959 558
3 1229 1016
3 1224 989
3 1218 962
3 1213 935
3 1207 908
3 1201 881
3 1195 854
3 1189 828
3 1183 801
3 1177 774
3 1171 747
3 1165 720
3 1158 693
3 1152 666
3 1146 639
3 1140 612
3 1134 585
3 1128 558
