0 1787 1016
0 1753 989
0 1718 962
0 1682 935
0 1647 908
0 1611 881
0 1576 854
0 1540 828
0 1504 801
0 1468 774
0 1433 747
0 1397 720
0 1361 693
0 1325 666
0 1289 639
0 1254 612
0 1218 585
0 1182 558
1 384 1016
1 422 989
1 461 962
1 500 935
1 539 908
1 578 881
1 617 854
1 656 828
1 695 801
1 734 774
1 773 747
1 812 720
1 851 693
1 890 666
1 929 639
1 968 612
1 1007 585
1 1046 558
2 46 774
2 155 747
2 263 720
2 372 693
2 480 666
2 589 639
2 698 612
2 807 585
2 916 558
3 899 1016
3 910 989
3 921 962
3 933 935
3 944 908
3 955 881
3 967 854
3 978 828
3 990 801
3 1001 774
3 1012 747
3 1024 720
3 1035 693
3 1047 666
3 1058 639
3 1069 612
3 1080 585
3 1092 558
