0 1715 1016
0 1684 989
0 1653 962
0 1622 935
0 1590 908
0 1559 881
0 1527 854
0 1496 828
0 1464 801
0 1432 774
0 1401 747
0 1368 720
0 1336 693
0 1304 666
0 1271 639
0 1239 612
0 1206 585
0 1172 558
1 341 1016
1 381 989
1 422 962
1 462 935
1 502 908
1 543 881
1 583 854
1 624 828
1 664 801
1 705 774
1 745 747
1 786 720
1 827 693
1 867 666
1 908 639
1 949 612
1 989 585
1 1030 558
2 2082 1016
2 2031 989
2 1981 962
2 1929 935
2 1878 908
2 1826 881
2 1774 854
2 1723 828
2 1671 801
2 1619 774
2 1567 747
2 1515 720
2 1463 693
2 1411 666
2 1359 639
2 1307 612
2 1255 585
2 1203 558
