0 1883 1016
0 1843 989
0 1803 962
0 1762 935
0 1721 908
0 1679 881
0 1638 854
0 1597 828
0 1556 801
0 1514 774
0 1473 747
0 1432 720
0 1391 693
0 1349 666
0 1308 639
0 1267 612
0 1225 585
0 1184 558
1 485 1016
1 518 989
1 551 962
1 585 935
1 618 908
1 652 881
1 685 854
1 719 828
1 753 801
1 786 774
1 820 747
1 854 720
1 888 693
1 922 666
1 955 639
1 989 612
1 1023 585
1 1056 558
2 1151 1016
2 1149 989
2 1147 962
2 1146 935
2 1144 908
2 1142 881
2 1141 854
2 1139 828
2 1137 801
2 1136 774
2 1134 747
2 1132 720
2 1131 693
2 1129 666
2 1127 639
2 1125 612
2 1123 585
2 1121 558
3 65 908
3 137 881
3 208 854
3 280 828
3 351 801
3 423 774
3 494 747
3 566 720
3 638 693
3 710 666
3 781 639
3 853 612
3 924 585
3 996 558
