0 1890 1016
0 1850 989
0 1809 962
0 1769 935
0 1728 908
0 1687 881
0 1646 854
0 1605 828
0 1563 801
0 1522 774
0 1481 747
0 1440 720
0 1399 693
0 1358 666
0 1317 639
0 1275 612
0 1234 585
0 1193 558
1 467 1016
1 501 989
1 536 962
1 570 935
1 605 908
1 640 881
1 674 854
1 709 828
1 744 801
1 779 774
1 813 747
1 848 720
1 883 693
1 918 666
1 953 639
1 987 612
1 1022 585
1 1057 558
2 84 774
2 191 747
2 297 720
2 404 693
2 512 666
2 619 639
2 727 612
2 835 585
2 942 558
3 55 908
3 126 881
3 198 854
3 269 828
3 340 801
3 412 774
3 483 747
3 555 720
3 626 693
3 698 666
3 769 639
3 841 612
3 912 585
3 984 558
