0 1836 1016
0 1798 989
0 1760 962
0 1721 935
0 1682 908
0 1644 881
0 1605 854
0 1566 828
0 1527 801
0 1488 774
0 1450 747
0 1411 720
0 1372 693
0 1333 666
0 1295 639
0 1256 612
0 1218 585
0 1179 558
1 428 1016
1 464 989
1 500 962
1 536 935
1 573 908
1 609 881
1 646 854
1 683 828
1 719 801
1 756 774
1 793 747
1 829 720
1 866 693
1 903 666
1 939 639
1 976 612
1 1012 585
1 1049 558
2 60 774
2 168 747
2 277 720
2 385 693
2 494 666
2 603 639
2 713 612
2 822 585
2 932 558
3 46 908
3 118 881
3 189 854
3 261 828
3 333 801
3 404 774
3 476 747
3 548 720
3 619 693
3 691 666
3 763 639
3 834 612
3 906 585
3 978 558
