0 1799 1016
0 1764 989
0 1728 962
0 1691 935
0 1655 908
0 1618 881
0 1582 854
0 1545 828
0 1509 801
0 1472 774
0 1435 747
0 1399 720
0 1362 693
0 1325 666
0 1288 639
0 1252 612
0 1215 585
0 1178 558
1 416 1016
1 451 989
1 488 962
1 525 935
1 562 908
1 599 881
1 637 854
1 674 828
1 711 801
1 749 774
1 786 747
1 824 720
1 861 693
1 899 666
1 936 639
1 974 612
1 1011 585
1 1049 558
2 47 881
2 124 854
2 201 828
2 278 801
2 355 774
2 432 747
2 509 720
2 587 693
2 664 666
2 741 639
2 818 612
2 895 585
2 972 558
3 20 774
3 133 747
3 247 720
3 361 693
3 475 666
3 590 639
3 705 612
3 820 585
3 935 558
