0 1842 1016
0 1805 989
0 1767 962
0 1728 935
0 1690 908
0 1651 881
0 1612 854
0 1573 828
0 1534 801
0 1494 774
0 1455 747
0 1415 720
0 1375 693
0 1336 666
0 1296 639
0 1256 612
0 1215 585
0 1175 558
1 424 1016
1 461 989
1 499 962
1 536 935
1 573 908
1 611 881
1 648 854
1 686 828
1 723 801
1 761 774
1 799 747
1 836 720
1 874 693
1 911 666
1 949 639
1 987 612
1 1024 585
1 1062 558
2 25 774
2 141 747
2 257 720
2 373 693
2 490 666
2 607 639
2 725 612
2 842 585
2 960 558
3 1153 1016
3 1152 989
3 1149 962
3 1147 935
3 1144 908
3 1142 881
3 1139 854
3 1136 828
3 1134 801
3 1131 774
3 1129 747
3 1126 720
3 1124 693
3 1121 666
3 1118 639
3 1116 612
3 1113 585
3 1111 558
