0 1787 1016
0 1753 989
0 1718 962
0 1683 935
0 1648 908
0 1612 881
0 1577 854
0 1541 828
0 1505 801
0 1470 774
0 1434 747
0 1399 720
0 1363 693
0 1327 666
0 1292 639
0 1256 612
0 1220 585
0 1185 558
1 1052 1016
1 1055 989
1 1059 962
1 1063 935
1 1066 908
1 1070 881
1 1073 854
1 1077 828
1 1080 801
1 1084 774
1 1087 747
1 1090 720
1 1094 693
1 1097 666
1 1100 639
1 1104 612
1 1107 585
1 1110 558
2 359 1016
2 398 989
2 438 962
2 478 935
2 519 908
2 559 881
2 599 854
2 639 828
2 679 801
2 720 774
2 760 747
2 800 720
2 840 693
2 881 666
2 921 639
2 961 612
2 1001 585
2 1041 558
