0 1779 1016
0 1745 989
0 1710 962
0 1675 935
0 1640 908
0 1604 881
0 1569 854
0 1533 828
0 1498 801
0 1462 774
0 1427 747
0 1391 720
0 1356 693
0 1320 666
0 1284 639
0 1249 612
0 1213 585
0 1177 558
1 413 1016
1 450 989
1 487 962
1 524 935
1 561 908
1 598 881
1 635 854
1 673 828
1 710 801
1 747 774
1 785 747
1 822 720
1 860 693
1 897 666
1 935 639
1 972 612
1 1010 585
1 1048 558
2 64 881
2 141 854
2 218 828
2 295 801
2 372 774
2 449 747
2 526 720
2 603 693
2 680 666
2 758 639
2 835 612
2 912 585
2 989 558
