0 371 1016
0 410 989
0 450 962
0 489 935
0 529 908
0 569 881
0 608 854
0 648 828
0 688 801
0 728 774
0 768 747
0 807 720
0 847 693
0 887 666
0 927 639
0 966 612
0 1006 585
0 1046 558
1 1779 1016
1 1745 989
1 1709 962
1 1674 935
1 1638 908
1 1602 881
1 1567 854
1 1531 828
1 1495 801
1 1459 774
1 1423 747
1 1387 720
1 1351 693
1 1314 666
1 1278 639
1 1242 612
1 1205 585
1 1169 558
2 9 881
2 90 854
2 171 828
2 251 801
2 332 774
2 413 747
2 494 720
2 574 693
2 655 666
2 736 639
2 817 612
2 897 585
2 978 558
