0 1753 1016
0 1720 989
0 1687 962
0 1653 935
0 1619 908
0 1585 881
0 1551 854
0 1516 828
0 1482 801
0 1448 774
0 1414 747
0 1379 720
0 1345 693
0 1310 666
0 1276 639
0 1242 612
0 1207 585
0 1173 558
1 394 1016
1 432 989
1 470 962
1 508 935
1 546 908
1 584 881
1 622 854
1 661 828
1 699 801
1 737 774
1 776 747
1 814 720
1 853 693
1 891 666
1 930 639
1 968 612
1 1007 585
1 1046 558
2 107 747
2 221 720
2 336 693
2 452 666
2 568 639
2 684 612
2 800 585
2 916 558
3 37 881
3 116 854
3 194 828
3 273 801
3 351 774
3 430 747
3 509 720
3 587 693
3 666 666
3 745 639
3 824 612
3 902 585
3 981 558
