0 1822 1016
0 1786 989
0 1749 962
0 1712 935
0 1675 908
0 1638 881
0 1601 854
0 1563 828
0 1526 801
0 1489 774
0 1452 747
0 1414 720
0 1377 693
0 1340 666
0 1303 639
0 1265 612
0 1228 585
0 1191 558
1 428 1016
1 464 989
1 500 962
1 537 935
1 574 908
1 611 881
1 648 854
1 685 828
1 722 801
1 759 774
1 797 747
1 834 720
1 871 693
1 908 666
1 946 639
1 983 612
1 1020 585
1 1057 558
2 1217 1016
2 1213 989
2 1209 962
2 1204 935
2 1199 908
2 1194 881
2 1189 854
2 1184 828
2 1179 801
2 1174 774
2 1169 747
2 1164 720
2 1159 693
2 1153 666
2 1148 639
2 1143 612
2 1138 585
2 1133 558
