0 1844 1016
0 1807 989
0 1769 962
0 1731 935
0 1692 908
0 1653 881
0 1615 854
0 1576 828
0 1537 801
0 1498 774
0 1459 747
0 1420 720
0 1381 693
0 1342 666
0 1303 639
0 1264 612
0 1226 585
0 1187 558
1 439 1016
1 474 989
1 510 962
1 547 935
1 583 908
1 620 881
1 656 854
1 693 828
1 730 801
1 766 774
1 803 747
1 840 720
1 877 693
1 914 666
1 950 639
1 987 612
1 1024 585
1 1060 558
2 1137 1016
2 1135 989
2 1134 962
2 1132 935
2 1131 908
2 1130 881
2 1129 854
2 1128 828
2 1127 801
2 1126 774
2 1125 747
2 1124 720
2 1123 693
2 1122 666
2 1121 639
2 1120 612
2 1119 585
2 1117 558
