0 1882 1016
0 1842 989
0 1801 962
0 1760 935
0 1719 908
0 1678 881
0 1637 854
0 1595 828
0 1554 801
0 1513 774
0 1471 747
0 1430 720
0 1388 693
0 1347 666
0 1305 639
0 1264 612
0 1223 585
0 1181 558
1 467 1016
1 500 989
1 534 962
1 568 935
1 602 908
1 636 881
1 671 854
1 705 828
1 740 801
1 775 774
1 810 747
1 845 720
1 880 693
1 915 666
1 950 639
1 985 612
1 1020 585
1 1056 558
2 46 908
2 120 881
2 194 854
2 268 828
2 342 801
2 416 774
2 489 747
2 563 720
2 637 693
2 711 666
2 785 639
2 859 612
2 933 585
2 1007 558
3 49 774
3 160 747
3 272 720
3 384 693
3 496 666
3 609 639
3 721 612
3 834 585
3 946 558
