0 394 1016
0 432 989
0 470 962
0 509 935
0 548 908
0 587 881
0 625 854
0 664 828
0 703 801
0 742 774
0 780 747
0 819 720
0 858 693
0 897 666
0 936 639
0 974 612
0 1013 585
0 1052 558
1 1777 1016
1 1743 989
1 1708 962
1 1674 935
1 1639 908
1 1603 881
1 1568 854
1 1533 828
1 1498 801
1 1462 774
1 1427 747
1 1392 720
1 1357 693
1 1321 666
1 1286 639
1 1250 612
1 1215 585
1 1180 558
2 51 774
2 162 747
2 272 720
2 383 693
2 494 666
2 604 639
2 715 612
2 826 585
2 937 558
3 919 1016
3 930 989
3 940 962
3 951 935
3 961 908
3 972 881
3 982 854
3 993 828
3 1003 801
3 1014 774
3 1024 747
3 1035 720
3 1045 693
3 1056 666
3 1066 639
3 1077 612
3 1087 585
3 1097 558
