0 1781 1016
0 1747 989
0 1712 962
0 1677 935
0 1642 908
0 1607 881
0 1572 854
0 1536 828
0 1501 801
0 1466 774
0 1430 747
0 1395 720
0 1359 693
0 1323 666
0 1287 639
0 1252 612
0 1216 585
0 1179 558
1 354 1016
1 393 989
1 434 962
1 474 935
1 515 908
1 556 881
1 597 854
1 638 828
1 680 801
1 721 774
1 762 747
1 804 720
1 845 693
1 886 666
1 927 639
1 969 612
1 1010 585
1 1051 558
2 7 881
2 89 854
2 171 828
2 253 801
2 334 774
2 416 747
2 498 720
2 580 693
2 661 666
2 743 639
2 825 612
2 906 585
2 988 558
