0 1872 1016
0 1834 989
0 1794 962
0 1755 935
0 1715 908
0 1675 881
0 1635 854
0 1595 828
0 1555 801
0 1514 774
0 1473 747
0 1432 720
0 1391 693
0 1350 666
0 1309 639
0 1267 612
0 1225 585
0 1183 558
1 482 1016
1 514 989
1 547 962
1 580 935
1 614 908
1 647 881
1 680 854
1 714 828
1 747 801
1 780 774
1 814 747
1 847 720
1 880 693
1 914 666
1 947 639
1 980 612
1 1014 585
1 1047 558
2 10 908
2 84 881
2 158 854
2 231 828
2 305 801
2 379 774
2 453 747
2 527 720
2 601 693
2 675 666
2 749 639
2 823 612
2 897 585
2 970 558
