0 1783 1016
0 1748 989
0 1713 962
0 1678 935
0 1642 908
0 1606 881
0 1570 854
0 1534 828
0 1498 801
0 1462 774
0 1426 747
0 1390 720
0 1354 693
0 1318 666
0 1282 639
0 1246 612
0 1210 585
0 1174 558
1 410 1016
1 447 989
1 485 962
1 522 935
1 560 908
1 598 881
1 636 854
1 673 828
1 711 801
1 749 774
1 787 747
1 825 720
1 863 693
1 901 666
1 939 639
1 977 612
1 1015 585
1 1053 558
2 37 881
2 116 854
2 195 828
2 275 801
2 354 774
2 433 747
2 513 720
2 592 693
2 672 666
2 751 639
2 831 612
2 910 585
2 990 558
