0 1882 1016
0 1842 989
0 1802 962
0 1761 935
0 1720 908
0 1680 881
0 1639 854
0 1598 828
0 1557 801
0 1515 774
0 1474 747
0 1433 720
0 1392 693
0 1351 666
0 1309 639
0 1268 612
0 1227 585
0 1185 558
1 498 1016
1 530 989
1 562 962
1 595 935
1 628 908
1 661 881
1 694 854
1 727 828
1 760 801
1 793 774
1 827 747
1 860 720
1 893 693
1 927 666
1 960 639
1 993 612
1 1027 585
1 1060 558
2 63 908
2 135 881
2 208 854
2 281 828
2 354 801
2 426 774
2 499 747
2 572 720
2 645 693
2 717 666
2 790 639
2 863 612
2 936 585
2 1008 558
3 36 774
3 149 747
3 262 720
3 375 693
3 489 666
3 602 639
3 716 612
3 831 585
3 944 558
