0 1776 1016
0 1742 989
0 1707 962
0 1672 935
0 1637 908
0 1602 881
0 1566 854
0 1531 828
0 1496 801
0 1460 774
0 1425 747
0 1390 720
0 1354 693
0 1319 666
0 1283 639
0 1248 612
0 1212 585
0 1177 558
1 70 881
1 147 854
1 223 828
1 299 801
1 376 774
1 452 747
1 528 720
1 605 693
1 681 666
1 757 639
1 834 612
1 910 585
1 986 558
2 386 1016
2 424 989
2 463 962
2 501 935
2 539 908
2 578 881
2 617 854
2 655 828
2 694 801
2 733 774
2 772 747
2 811 720
2 850 693
2 889 666
2 928 639
2 968 612
2 1007 585
2 1046 558
