0 1822 1016
0 1785 989
0 1748 962
0 1711 935
0 1673 908
0 1635 881
0 1597 854
0 1560 828
0 1522 801
0 1484 774
0 1446 747
0 1408 720
0 1370 693
0 1333 666
0 1295 639
0 1257 612
0 1219 585
0 1181 558
1 413 1016
1 450 989
1 486 962
1 523 935
1 560 908
1 598 881
1 635 854
1 672 828
1 710 801
1 747 774
1 784 747
1 822 720
1 859 693
1 897 666
1 934 639
1 972 612
1 1009 585
1 1046 558
2 39 774
2 149 747
2 260 720
2 371 693
2 483 666
2 595 639
2 707 612
2 819 585
2 931 558
3 1160 1016
3 1158 989
3 1156 962
3 1154 935
3 1152 908
3 1149 881
3 1147 854
3 1144 828
3 1142 801
3 1139 774
3 1137 747
3 1134 720
3 1132 693
3 1129 666
3 1126 639
3 1124 612
3 1121 585
3 1118 558
