0 1827 1016
0 1790 989
0 1753 962
0 1716 935
0 1678 908
0 1640 881
0 1602 854
0 1565 828
0 1527 801
0 1489 774
0 1451 747
0 1413 720
0 1375 693
0 1337 666
0 1299 639
0 1261 612
0 1223 585
0 1185 558
1 480 1016
1 512 989
1 545 962
1 578 935
1 612 908
1 645 881
1 679 854
1 712 828
1 746 801
1 780 774
1 813 747
1 847 720
1 881 693
1 915 666
1 949 639
1 983 612
1 1017 585
1 1051 558
2 21 935
2 90 908
2 159 881
2 228 854
2 297 828
2 367 801
2 436 774
2 505 747
2 574 720
2 644 693
2 713 666
2 782 639
2 851 612
2 920 585
2 989 558
