0 384 1016
0 423 989
0 463 962
0 503 935
0 543 908
0 583 881
0 623 854
0 663 828
0 703 801
0 743 774
0 783 747
0 823 720
0 863 693
0 903 666
0 943 639
0 983 612
0 1023 585
0 1063 558
1 1779 1016
1 1745 989
1 1710 962
1 1675 935
1 1640 908
1 1604 881
1 1569 854
1 1534 828
1 1498 801
1 1462 774
1 1427 747
1 1391 720
1 1355 693
1 1320 666
1 1284 639
1 1248 612
1 1212 585
1 1176 558
2 1129 1016
2 1128 989
2 1128 962
2 1127 935
2 1126 908
2 1126 881
2 1125 854
2 1124 828
2 1123 801
2 1123 774
2 1122 747
2 1121 720
2 1120 693
2 1119 666
2 1119 639
2 1118 612
2 1117 585
2 1116 558
