0 386 1016
0 425 989
0 464 962
0 503 935
0 542 908
0 581 881
0 621 854
0 660 828
0 699 801
0 738 774
0 776 747
0 815 720
0 854 693
0 892 666
0 930 639
0 968 612
0 1006 585
0 1044 558
1 1796 1016
1 1761 989
1 1725 962
1 1690 935
1 1654 908
1 1618 881
1 1582 854
1 1546 828
1 1509 801
1 1473 774
1 1436 747
1 1398 720
1 1361 693
1 1323 666
1 1285 639
1 1247 612
1 1208 585
1 1168 558
2 26 908
2 98 881
2 170 854
2 242 828
2 314 801
2 386 774
2 458 747
2 530 720
2 602 693
2 674 666
2 746 639
2 818 612
2 889 585
2 961 558
