0 1852 1016
0 1815 989
0 1777 962
0 1738 935
0 1700 908
0 1661 881
0 1622 854
0 1583 828
0 1544 801
0 1505 774
0 1465 747
0 1425 720
0 1385 693
0 1345 666
0 1305 639
0 1264 612
0 1223 585
0 1182 558
1 460 1016
1 495 989
1 530 962
1 564 935
1 599 908
1 634 881
1 669 854
1 704 828
1 738 801
1 773 774
1 808 747
1 843 720
1 878 693
1 913 666
1 947 639
1 982 612
1 1017 585
1 1051 558
2 61 881
2 137 854
2 213 828
2 289 801
2 365 774
2 441 747
2 517 720
2 593 693
2 669 666
2 746 639
2 822 612
2 898 585
2 973 558
3 49 774
3 158 747
3 267 720
3 376 693
3 486 666
3 596 639
3 707 612
3 818 585
3 928 558
