0 1828 1016
0 1792 989
0 1754 962
0 1717 935
0 1679 908
0 1641 881
0 1604 854
0 1566 828
0 1528 801
0 1490 774
0 1452 747
0 1414 720
0 1375 693
0 1337 666
0 1299 639
0 1261 612
0 1222 585
0 1184 558
1 397 1016
1 434 989
1 473 962
1 511 935
1 550 908
1 589 881
1 628 854
1 667 828
1 706 801
1 745 774
1 784 747
1 823 720
1 862 693
1 900 666
1 939 639
1 978 612
1 1017 585
1 1055 558
2 46 881
2 124 854
2 203 828
2 281 801
2 360 774
2 439 747
2 517 720
2 596 693
2 674 666
2 753 639
2 832 612
2 910 585
2 989 558
