0 1793 1016
0 1758 989
0 1722 962
0 1687 935
0 1651 908
0 1615 881
0 1579 854
0 1543 828
0 1507 801
0 1471 774
0 1435 747
0 1399 720
0 1363 693
0 1327 666
0 1291 639
0 1255 612
0 1219 585
0 1183 558
1 351 1016
1 392 989
1 432 962
1 473 935
1 514 908
1 555 881
1 596 854
1 637 828
1 678 801
1 719 774
1 760 747
1 802 720
1 843 693
1 884 666
1 926 639
1 968 612
1 1009 585
1 1051 558
2 68 881
2 145 854
2 221 828
2 298 801
2 375 774
2 452 747
2 528 720
2 605 693
2 682 666
2 759 639
2 835 612
2 912 585
2 989 558
3 26 774
3 140 747
3 253 720
3 367 693
3 481 666
3 595 639
3 710 612
3 825 585
3 939 558
