0 1746 1016
0 1715 989
0 1682 962
0 1649 935
0 1615 908
0 1582 881
0 1549 854
0 1515 828
0 1482 801
0 1448 774
0 1414 747
0 1381 720
0 1347 693
0 1313 666
0 1279 639
0 1246 612
0 1212 585
0 1178 558
1 353 1016
1 393 989
1 434 962
1 474 935
1 515 908
1 556 881
1 597 854
1 638 828
1 679 801
1 720 774
1 761 747
1 802 720
1 844 693
1 885 666
1 926 639
1 967 612
1 1008 585
1 1049 558
2 812 1016
2 828 989
2 844 962
2 861 935
2 877 908
2 894 881
2 910 854
2 927 828
2 943 801
2 960 774
2 976 747
2 993 720
2 1009 693
2 1026 666
2 1042 639
2 1059 612
2 1075 585
2 1091 558
3 2110 774
3 2008 747
3 1906 720
3 1804 693
3 1702 666
3 1600 639
3 1498 612
3 1396 585
3 1294 558
