0 1853 1016
0 1816 989
0 1777 962
0 1739 935
0 1700 908
0 1662 881
0 1623 854
0 1584 828
0 1545 801
0 1506 774
0 1468 747
0 1429 720
0 1390 693
0 1351 666
0 1312 639
0 1273 612
0 1234 585
0 1195 558
1 447 1016
1 482 989
1 518 962
1 554 935
1 590 908
1 626 881
1 662 854
1 699 828
1 735 801
1 772 774
1 808 747
1 845 720
1 881 693
1 918 666
1 954 639
1 990 612
1 1027 585
1 1063 558
2 10 908
2 85 881
2 160 854
2 235 828
2 311 801
2 386 774
2 461 747
2 536 720
2 611 693
2 686 666
2 762 639
2 837 612
2 912 585
2 987 558
