0 1767 1016
0 1733 989
0 1699 962
0 1664 935
0 1629 908
0 1594 881
0 1559 854
0 1524 828
0 1489 801
0 1454 774
0 1419 747
0 1384 720
0 1349 693
0 1314 666
0 1279 639
0 1244 612
0 1209 585
0 1174 558
1 393 1016
1 431 989
1 469 962
1 507 935
1 545 908
1 583 881
1 621 854
1 660 828
1 698 801
1 737 774
1 776 747
1 815 720
1 854 693
1 893 666
1 933 639
1 972 612
1 1012 585
1 1052 558
2 53 881
2 132 854
2 210 828
2 289 801
2 368 774
2 447 747
2 526 720
2 604 693
2 683 666
2 762 639
2 841 612
2 919 585
2 998 558
