0 487 1016
0 520 989
0 554 962
0 588 935
0 622 908
0 656 881
0 690 854
0 724 828
0 758 801
0 792 774
0 826 747
0 860 720
0 894 693
0 928 666
0 962 639
0 996 612
0 1030 585
0 1064 558
1 1856 1016
1 1818 989
1 1779 962
1 1740 935
1 1702 908
1 1663 881
1 1624 854
1 1585 828
1 1547 801
1 1508 774
1 1469 747
1 1430 720
1 1391 693
1 1353 666
1 1314 639
1 1275 612
1 1237 585
1 1198 558
2 50 774
2 160 747
2 270 720
2 381 693
2 492 666
2 603 639
2 714 612
2 826 585
2 937 558
3 1213 1016
3 1208 989
3 1203 962
3 1198 935
3 1193 908
3 1188 881
3 1183 854
3 1178 828
3 1173 801
3 1168 774
3 1163 747
3 1157 720
3 1152 693
3 1147 666
3 1142 639
3 1137 612
3 1131 585
3 1126 558
