0 404 1016
0 442 989
0 480 962
0 518 935
0 556 908
0 595 881
0 633 854
0 672 828
0 710 801
0 748 774
0 787 747
0 825 720
0 864 693
0 902 666
0 941 639
0 979 612
0 1017 585
0 1056 558
1 1794 1016
1 1759 989
1 1723 962
1 1687 935
1 1652 908
1 1616 881
1 1579 854
1 1543 828
1 1507 801
1 1471 774
1 1434 747
1 1398 720
1 1361 693
1 1324 666
1 1287 639
1 1250 612
1 1212 585
1 1175 558
2 13 774
2 129 747
2 245 720
2 362 693
2 479 666
2 596 639
2 713 612
2 831 585
2 948 558
3 12 908
3 88 881
3 164 854
3 240 828
3 315 801
3 391 774
3 467 747
3 543 720
3 619 693
3 695 666
3 770 639
3 846 612
3 922 585
3 998 558
