0 400 1016
0 438 989
0 477 962
0 516 935
0 555 908
0 593 881
0 632 854
0 671 828
0 710 801
0 749 774
0 788 747
0 827 720
0 866 693
0 905 666
0 944 639
0 983 612
0 1022 585
0 1060 558
1 1817 1016
1 1781 989
1 1745 962
1 1708 935
1 1671 908
1 1634 881
1 1597 854
1 1560 828
1 1523 801
1 1486 774
1 1448 747
1 1411 720
1 1374 693
1 1336 666
1 1298 639
1 1261 612
1 1223 585
1 1186 558
2 53 881
2 131 854
2 210 828
2 288 801
2 367 774
2 445 747
2 524 720
2 602 693
2 681 666
2 759 639
2 838 612
2 916 585
2 995 558
3 1139 1016
3 1138 989
3 1137 962
3 1136 935
3 1134 908
3 1133 881
3 1131 854
3 1130 828
3 1128 801
3 1127 774
3 1125 747
3 1124 720
3 1122 693
3 1121 666
3 1119 639
3 1118 612
3 1116 585
3 1114 558
