0 1899 1016
0 1858 989
0 1817 962
0 1776 935
0 1734 908
0 1693 881
0 1651 854
0 1609 828
0 1567 801
0 1525 774
0 1483 747
0 1441 720
0 1398 693
0 1356 666
0 1313 639
0 1270 612
0 1227 585
0 1184 558
1 513 1016
1 545 989
1 576 962
1 607 935
1 638 908
1 670 881
1 701 854
1 732 828
1 763 801
1 795 774
1 826 747
1 857 720
1 888 693
1 919 666
1 951 639
1 982 612
1 1012 585
1 1043 558
2 59 774
2 165 747
2 272 720
2 378 693
2 485 666
2 591 639
2 698 612
2 805 585
2 912 558
3 44 908
3 115 881
3 187 854
3 258 828
3 330 801
3 402 774
3 473 747
3 545 720
3 617 693
3 688 666
3 760 639
3 831 612
3 902 585
3 974 558
