0 1818 1016
0 1782 989
0 1746 962
0 1709 935
0 1672 908
0 1635 881
0 1598 854
0 1561 828
0 1523 801
0 1486 774
0 1448 747
0 1411 720
0 1373 693
0 1335 666
0 1297 639
0 1259 612
0 1221 585
0 1183 558
1 450 1016
1 485 989
1 520 962
1 555 935
1 591 908
1 626 881
1 662 854
1 698 828
1 733 801
1 769 774
1 805 747
1 841 720
1 877 693
1 912 666
1 948 639
1 984 612
1 1020 585
1 1057 558
2 69 908
2 141 881
2 213 854
2 284 828
2 356 801
2 428 774
2 500 747
2 572 720
2 644 693
2 716 666
2 788 639
2 859 612
2 931 585
2 1003 558
3 62 774
3 172 747
3 283 720
3 394 693
3 506 666
3 618 639
3 731 612
3 843 585
3 955 558
