0 1797 1016
0 1763 989
0 1727 962
0 1692 935
0 1656 908
0 1621 881
0 1585 854
0 1549 828
0 1513 801
0 1478 774
0 1442 747
0 1406 720
0 1370 693
0 1334 666
0 1298 639
0 1262 612
0 1226 585
0 1190 558
1 377 1016
1 418 989
1 458 962
1 499 935
1 540 908
1 581 881
1 622 854
1 662 828
1 703 801
1 744 774
1 785 747
1 826 720
1 867 693
1 908 666
1 949 639
1 990 612
1 1031 585
1 1071 558
2 65 774
2 177 747
2 290 720
2 403 693
2 516 666
2 629 639
2 743 612
2 857 585
2 970 558
3 1297 1016
3 1289 989
3 1280 962
3 1272 935
3 1263 908
3 1254 881
3 1245 854
3 1236 828
3 1227 801
3 1217 774
3 1208 747
3 1199 720
3 1190 693
3 1181 666
3 1171 639
3 1162 612
3 1153 585
3 1143 558
