0 410 1016
0 448 989
0 486 962
0 524 935
0 562 908
0 601 881
0 639 854
0 678 828
0 716 801
0 755 774
0 793 747
0 832 720
0 870 693
0 909 666
0 947 639
0 986 612
0 1024 585
0 1063 558
1 1833 1016
1 1796 989
1 1759 962
1 1721 935
1 1683 908
1 1644 881
1 1606 854
1 1568 828
1 1529 801
1 1491 774
1 1453 747
1 1414 720
1 1376 693
1 1337 666
1 1299 639
1 1260 612
1 1222 585
1 1184 558
2 17 881
2 98 854
2 180 828
2 261 801
2 342 774
2 423 747
2 504 720
2 586 693
2 667 666
2 748 639
2 829 612
2 910 585
2 991 558
