0 1787 1016
0 1753 989
0 1717 962
0 1682 935
0 1646 908
0 1611 881
0 1575 854
0 1539 828
0 1503 801
0 1467 774
0 1431 747
0 1394 720
0 1358 693
0 1322 666
0 1286 639
0 1249 612
0 1213 585
0 1176 558
1 410 1016
1 448 989
1 486 962
1 524 935
1 562 908
1 601 881
1 639 854
1 677 828
1 716 801
1 754 774
1 793 747
1 831 720
1 869 693
1 908 666
1 946 639
1 984 612
1 1023 585
1 1061 558
2 1136 1016
2 1135 989
2 1134 962
2 1133 935
2 1132 908
2 1131 881
2 1130 854
2 1129 828
2 1127 801
2 1126 774
2 1125 747
2 1124 720
2 1123 693
2 1121 666
2 1120 639
2 1118 612
2 1117 585
2 1115 558
3 17 774
3 131 747
3 246 720
3 361 693
3 477 666
3 593 639
3 709 612
3 826 585
3 942 558
