0 1762 1016
0 1729 989
0 1695 962
0 1661 935
0 1627 908
0 1593 881
0 1559 854
0 1524 828
0 1490 801
0 1456 774
0 1421 747
0 1387 720
0 1353 693
0 1318 666
0 1284 639
0 1250 612
0 1216 585
0 1181 558
1 384 1016
1 422 989
1 462 962
1 501 935
1 541 908
1 581 881
1 621 854
1 661 828
1 701 801
1 741 774
1 781 747
1 821 720
1 861 693
1 901 666
1 941 639
1 981 612
1 1021 585
1 1060 558
2 16 908
2 91 881
2 166 854
2 241 828
2 317 801
2 392 774
2 467 747
2 542 720
2 618 693
2 693 666
2 768 639
2 844 612
2 919 585
2 994 558
3 34 774
3 145 747
3 257 720
3 369 693
3 482 666
3 595 639
3 709 612
3 822 585
3 936 558
