0 1855 1016
0 1817 989
0 1778 962
0 1740 935
0 1701 908
0 1662 881
0 1623 854
0 1584 828
0 1545 801
0 1506 774
0 1467 747
0 1428 720
0 1389 693
0 1350 666
0 1311 639
0 1272 612
0 1233 585
0 1194 558
1 486 1016
1 518 989
1 551 962
1 584 935
1 617 908
1 650 881
1 683 854
1 717 828
1 750 801
1 784 774
1 817 747
1 851 720
1 885 693
1 919 666
1 953 639
1 988 612
1 1022 585
1 1057 558
2 32 881
2 112 854
2 193 828
2 273 801
2 354 774
2 434 747
2 514 720
2 595 693
2 675 666
2 755 639
2 836 612
2 916 585
2 996 558
