0 1834 1016
0 1797 989
0 1759 962
0 1721 935
0 1682 908
0 1644 881
0 1606 854
0 1567 828
0 1529 801
0 1490 774
0 1452 747
0 1414 720
0 1375 693
0 1337 666
0 1298 639
0 1260 612
0 1221 585
0 1183 558
1 413 1016
1 451 989
1 489 962
1 527 935
1 565 908
1 604 881
1 642 854
1 680 828
1 718 801
1 756 774
1 794 747
1 833 720
1 871 693
1 909 666
1 947 639
1 985 612
1 1023 585
1 1061 558
2 6 908
2 82 881
2 157 854
2 233 828
2 309 801
2 384 774
2 460 747
2 536 720
2 611 693
2 687 666
2 763 639
2 838 612
2 914 585
2 989 558
