0 1769 1016
0 1736 989
0 1702 962
0 1668 935
0 1634 908
0 1600 881
0 1566 854
0 1532 828
0 1497 801
0 1463 774
0 1429 747
0 1395 720
0 1360 693
0 1326 666
0 1291 639
0 1257 612
0 1222 585
0 1188 558
1 335 1016
1 377 989
1 419 962
1 462 935
1 504 908
1 547 881
1 590 854
1 633 828
1 676 801
1 719 774
1 762 747
1 805 720
1 848 693
1 891 666
1 934 639
1 977 612
1 1019 585
1 1062 558
2 112 747
2 231 720
2 349 693
2 468 666
2 587 639
2 707 612
2 826 585
2 946 558
3 29 881
3 110 854
3 192 828
3 273 801
3 354 774
3 435 747
3 516 720
3 597 693
3 678 666
3 760 639
3 841 612
3 922 585
3 1003 558
