0 1857 1016
0 1819 989
0 1779 962
0 1740 935
0 1700 908
0 1661 881
0 1621 854
0 1581 828
0 1541 801
0 1501 774
0 1461 747
0 1421 720
0 1380 693
0 1340 666
0 1299 639
0 1259 612
0 1218 585
0 1177 558
1 419 1016
1 455 989
1 491 962
1 527 935
1 563 908
1 600 881
1 636 854
1 672 828
1 708 801
1 744 774
1 780 747
1 816 720
1 852 693
1 888 666
1 924 639
1 960 612
1 995 585
1 1031 558
2 40 881
2 115 854
2 190 828
2 265 801
2 339 774
2 414 747
2 489 720
2 563 693
2 638 666
2 712 639
2 787 612
2 862 585
2 936 558
