0 1833 1016
0 1796 989
0 1759 962
0 1721 935
0 1683 908
0 1645 881
0 1607 854
0 1568 828
0 1530 801
0 1492 774
0 1453 747
0 1415 720
0 1376 693
0 1337 666
0 1299 639
0 1260 612
0 1222 585
0 1183 558
1 457 1016
1 490 989
1 524 962
1 558 935
1 593 908
1 628 881
1 662 854
1 697 828
1 732 801
1 767 774
1 802 747
1 837 720
1 872 693
1 907 666
1 942 639
1 977 612
1 1012 585
1 1047 558
2 25 908
2 98 881
2 172 854
2 245 828
2 318 801
2 391 774
2 464 747
2 538 720
2 611 693
2 684 666
2 757 639
2 831 612
2 904 585
2 977 558
