0 357 1016
0 399 989
0 440 962
0 482 935
0 524 908
0 565 881
0 607 854
0 649 828
0 690 801
0 732 774
0 774 747
0 816 720
0 857 693
0 899 666
0 941 639
0 982 612
0 1024 585
0 1065 558
1 1789 1016
1 1754 989
1 1719 962
1 1684 935
1 1648 908
1 1612 881
1 1577 854
1 1541 828
1 1505 801
1 1469 774
1 1433 747
1 1397 720
1 1361 693
1 1324 666
1 1288 639
1 1252 612
1 1215 585
1 1179 558
2 26 774
2 140 747
2 254 720
2 369 693
2 484 666
2 599 639
2 715 612
2 831 585
2 946 558
3 1078 1016
3 1080 989
3 1082 962
3 1083 935
3 1085 908
3 1087 881
3 1089 854
3 1091 828
3 1093 801
3 1095 774
3 1097 747
3 1099 720
3 1100 693
3 1102 666
3 1104 639
3 1106 612
3 1107 585
3 1109 558
