0 1901 1016
0 1860 989
0 1819 962
0 1777 935
0 1735 908
0 1694 881
0 1652 854
0 1610 828
0 1568 801
0 1526 774
0 1484 747
0 1442 720
0 1400 693
0 1358 666
0 1316 639
0 1274 612
0 1232 585
0 1190 558
1 472 1016
1 507 989
1 542 962
1 577 935
1 612 908
1 646 881
1 681 854
1 716 828
1 751 801
1 786 774
1 821 747
1 856 720
1 891 693
1 926 666
1 961 639
1 996 612
1 1031 585
1 1065 558
2 19 935
2 88 908
2 158 881
2 228 854
2 298 828
2 367 801
2 437 774
2 507 747
2 577 720
2 647 693
2 717 666
2 787 639
2 857 612
2 926 585
2 996 558
3 70 774
3 179 747
3 288 720
3 397 693
3 506 666
3 616 639
3 726 612
3 836 585
3 946 558
