0 1792 1016
0 1757 989
0 1721 962
0 1685 935
0 1649 908
0 1613 881
0 1576 854
0 1540 828
0 1503 801
0 1466 774
0 1429 747
0 1391 720
0 1353 693
0 1315 666
0 1277 639
0 1238 612
0 1200 585
0 1160 558
1 380 1016
1 418 989
1 457 962
1 496 935
1 535 908
1 574 881
1 613 854
1 652 828
1 690 801
1 729 774
1 767 747
1 806 720
1 844 693
1 882 666
1 919 639
1 957 612
1 993 585
1 1030 558
2 45 908
2 114 881
2 183 854
2 253 828
2 322 801
2 391 774
2 460 747
2 530 720
2 599 693
2 668 666
2 738 639
2 807 612
2 876 585
2 945 558
