0 1838 1016
0 1801 989
0 1763 962
0 1725 935
0 1686 908
0 1648 881
0 1609 854
0 1571 828
0 1532 801
0 1494 774
0 1455 747
0 1417 720
0 1378 693
0 1340 666
0 1301 639
0 1263 612
0 1224 585
0 1186 558
1 463 1016
1 496 989
1 530 962
1 565 935
1 599 908
1 634 881
1 668 854
1 703 828
1 738 801
1 772 774
1 807 747
1 842 720
1 877 693
1 912 666
1 946 639
1 981 612
1 1016 585
1 1050 558
2 56 774
2 163 747
2 270 720
2 378 693
2 486 666
2 593 639
2 702 612
2 810 585
2 918 558
3 44 908
3 116 881
3 188 854
3 260 828
3 332 801
3 404 774
3 476 747
3 548 720
3 620 693
3 692 666
3 764 639
3 837 612
3 908 585
3 980 558
