0 1855 1016
0 1817 989
0 1779 962
0 1741 935
0 1702 908
0 1663 881
0 1624 854
0 1586 828
0 1547 801
0 1507 774
0 1468 747
0 1429 720
0 1390 693
0 1350 666
0 1311 639
0 1271 612
0 1231 585
0 1191 558
1 514 1016
1 545 989
1 576 962
1 608 935
1 639 908
1 671 881
1 702 854
1 734 828
1 766 801
1 797 774
1 829 747
1 861 720
1 893 693
1 924 666
1 956 639
1 988 612
1 1020 585
1 1051 558
2 61 908
2 130 881
2 200 854
2 270 828
2 340 801
2 410 774
2 480 747
2 550 720
2 620 693
2 690 666
2 760 639
2 829 612
2 899 585
2 969 558
