0 1699 1016
0 1670 989
0 1640 962
0 1609 935
0 1579 908
0 1548 881
0 1518 854
0 1487 828
0 1457 801
0 1426 774
0 1396 747
0 1365 720
0 1334 693
0 1304 666
0 1274 639
0 1243 612
0 1213 585
0 1183 558
1 144 1016
1 199 989
1 254 962
1 310 935
1 365 908
1 421 881
1 477 854
1 532 828
1 588 801
1 643 774
1 698 747
1 753 720
1 807 693
1 862 666
1 916 639
1 969 612
1 1022 585
1 1075 558
2 881 1016
2 896 989
2 911 962
2 926 935
2 940 908
2 955 881
2 970 854
2 984 828
2 999 801
2 1013 774
2 1027 747
2 1042 720
2 1056 693
2 1070 666
2 1084 639
2 1097 612
2 1111 585
2 1124 558
