0 441 1016
0 476 989
0 512 962
0 548 935
0 584 908
0 620 881
0 656 854
0 692 828
0 728 801
0 764 774
0 801 747
0 837 720
0 873 693
0 909 666
0 945 639
0 981 612
0 1017 585
0 1053 558
1 1832 1016
1 1795 989
1 1757 962
1 1718 935
1 1680 908
1 1641 881
1 1602 854
1 1564 828
1 1525 801
1 1486 774
1 1448 747
1 1409 720
1 1370 693
1 1331 666
1 1292 639
1 1253 612
1 1215 585
1 1176 558
2 55 774
2 164 747
2 274 720
2 384 693
2 495 666
2 605 639
2 717 612
2 828 585
2 939 558
3 46 881
3 124 854
3 202 828
3 280 801
3 358 774
3 436 747
3 514 720
3 592 693
3 670 666
3 748 639
3 826 612
3 904 585
3 982 558
