0 1887 1016
0 1847 989
0 1807 962
0 1766 935
0 1725 908
0 1684 881
0 1643 854
0 1602 828
0 1561 801
0 1520 774
0 1479 747
0 1438 720
0 1397 693
0 1356 666
0 1314 639
0 1273 612
0 1232 585
0 1191 558
1 477 1016
1 510 989
1 544 962
1 577 935
1 611 908
1 645 881
1 679 854
1 714 828
1 748 801
1 782 774
1 816 747
1 850 720
1 884 693
1 919 666
1 953 639
1 987 612
1 1021 585
1 1055 558
2 31 908
2 103 881
2 175 854
2 248 828
2 320 801
2 392 774
2 464 747
2 537 720
2 609 693
2 681 666
2 754 639
2 826 612
2 898 585
2 970 558
