0 1741 1016
0 1709 989
0 1677 962
0 1644 935
0 1610 908
0 1577 881
0 1544 854
0 1511 828
0 1477 801
0 1444 774
0 1411 747
0 1377 720
0 1344 693
0 1311 666
0 1277 639
0 1244 612
0 1211 585
0 1178 558
1 319 1016
1 362 989
1 404 962
1 446 935
1 489 908
1 532 881
1 574 854
1 617 828
1 660 801
1 703 774
1 745 747
1 788 720
1 831 693
1 873 666
1 916 639
1 959 612
1 1001 585
1 1044 558
2 21 881
2 99 854
2 177 828
2 256 801
2 334 774
2 413 747
2 491 720
2 569 693
2 648 666
2 726 639
2 804 612
2 883 585
2 961 558
