0 1848 1016
0 1811 989
0 1773 962
0 1735 935
0 1696 908
0 1658 881
0 1619 854
0 1581 828
0 1542 801
0 1504 774
0 1465 747
0 1426 720
0 1387 693
0 1348 666
0 1309 639
0 1270 612
0 1231 585
0 1192 558
1 424 1016
1 461 989
1 498 962
1 535 935
1 573 908
1 611 881
1 648 854
1 686 828
1 724 801
1 761 774
1 799 747
1 837 720
1 874 693
1 912 666
1 950 639
1 988 612
1 1025 585
1 1063 558
2 46 774
2 156 747
2 267 720
2 378 693
2 490 666
2 601 639
2 713 612
2 825 585
2 937 558
3 2155 774
3 2048 747
3 1941 720
3 1834 693
3 1727 666
3 1620 639
3 1513 612
3 1405 585
3 1298 558
