0 1853 1016
0 1816 989
0 1777 962
0 1739 935
0 1700 908
0 1661 881
0 1622 854
0 1583 828
0 1543 801
0 1504 774
0 1465 747
0 1426 720
0 1387 693
0 1347 666
0 1308 639
0 1269 612
0 1229 585
0 1190 558
1 433 1016
1 469 989
1 506 962
1 543 935
1 579 908
1 616 881
1 653 854
1 690 828
1 728 801
1 765 774
1 802 747
1 839 720
1 876 693
1 913 666
1 950 639
1 987 612
1 1023 585
1 1060 558
2 1148 1016
2 1146 989
2 1144 962
2 1143 935
2 1141 908
2 1139 881
2 1138 854
2 1136 828
2 1134 801
2 1133 774
2 1131 747
2 1129 720
2 1128 693
2 1126 666
2 1125 639
2 1123 612
2 1121 585
2 1119 558
