0 1786 1016
0 1752 989
0 1717 962
0 1681 935
0 1646 908
0 1610 881
0 1575 854
0 1539 828
0 1503 801
0 1468 774
0 1432 747
0 1396 720
0 1361 693
0 1325 666
0 1289 639
0 1253 612
0 1218 585
0 1182 558
1 370 1016
1 409 989
1 449 962
1 489 935
1 529 908
1 569 881
1 609 854
1 649 828
1 690 801
1 730 774
1 770 747
1 811 720
1 851 693
1 891 666
1 932 639
1 972 612
1 1012 585
1 1052 558
2 32 908
2 106 881
2 179 854
2 253 828
2 327 801
2 400 774
2 474 747
2 548 720
2 622 693
2 695 666
2 769 639
2 843 612
2 916 585
2 990 558
