0 1889 1016
0 1849 989
0 1809 962
0 1768 935
0 1727 908
0 1687 881
0 1645 854
0 1604 828
0 1563 801
0 1522 774
0 1480 747
0 1438 720
0 1396 693
0 1354 666
0 1312 639
0 1269 612
0 1227 585
0 1184 558
1 488 1016
1 520 989
1 553 962
1 586 935
1 619 908
1 652 881
1 684 854
1 717 828
1 750 801
1 783 774
1 816 747
1 848 720
1 881 693
1 914 666
1 947 639
1 980 612
1 1012 585
1 1045 558
2 20 908
2 94 881
2 168 854
2 241 828
2 315 801
2 388 774
2 462 747
2 535 720
2 609 693
2 682 666
2 756 639
2 829 612
2 903 585
2 976 558
3 57 774
3 164 747
3 271 720
3 379 693
3 487 666
3 595 639
3 703 612
3 811 585
3 920 558
