0 366 1016
0 404 989
0 443 962
0 481 935
0 520 908
0 559 881
0 599 854
0 638 828
0 677 801
0 716 774
0 756 747
0 795 720
0 835 693
0 874 666
0 914 639
0 954 612
0 994 585
0 1035 558
1 1729 1016
1 1697 989
1 1664 962
1 1632 935
1 1599 908
1 1566 881
1 1533 854
1 1500 828
1 1467 801
1 1434 774
1 1402 747
1 1369 720
1 1336 693
1 1304 666
1 1272 639
1 1239 612
1 1207 585
1 1176 558
2 46 881
2 124 854
2 203 828
2 281 801
2 360 774
2 438 747
2 516 720
2 595 693
2 673 666
2 752 639
2 830 612
2 909 585
2 987 558
