0 1837 1016
0 1800 989
0 1762 962
0 1724 935
0 1686 908
0 1648 881
0 1610 854
0 1571 828
0 1532 801
0 1494 774
0 1455 747
0 1416 720
0 1377 693
0 1337 666
0 1298 639
0 1258 612
0 1219 585
0 1178 558
1 459 1016
1 493 989
1 528 962
1 562 935
1 596 908
1 631 881
1 666 854
1 700 828
1 735 801
1 769 774
1 804 747
1 839 720
1 873 693
1 908 666
1 942 639
1 977 612
1 1011 585
1 1045 558
2 50 881
2 127 854
2 204 828
2 281 801
2 357 774
2 434 747
2 511 720
2 588 693
2 664 666
2 741 639
2 818 612
2 895 585
2 971 558
