0 1729 1016
0 1698 989
0 1666 962
0 1634 935
0 1601 908
0 1569 881
0 1537 854
0 1504 828
0 1472 801
0 1439 774
0 1407 747
0 1374 720
0 1342 693
0 1310 666
0 1278 639
0 1246 612
0 1214 585
0 1183 558
1 347 1016
1 387 989
1 426 962
1 465 935
1 505 908
1 544 881
1 583 854
1 623 828
1 662 801
1 702 774
1 742 747
1 783 720
1 823 693
1 864 666
1 905 639
1 947 612
1 989 585
1 1032 558
2 37 881
2 114 854
2 191 828
2 268 801
2 345 774
2 422 747
2 499 720
2 576 693
2 652 666
2 729 639
2 806 612
2 883 585
2 960 558
