0 1785 1016
0 1750 989
0 1715 962
0 1680 935
0 1645 908
0 1609 881
0 1574 854
0 1538 828
0 1502 801
0 1467 774
0 1431 747
0 1395 720
0 1359 693
0 1324 666
0 1288 639
0 1252 612
0 1217 585
0 1181 558
1 377 1016
1 415 989
1 455 962
1 494 935
1 534 908
1 574 881
1 614 854
1 654 828
1 694 801
1 734 774
1 774 747
1 815 720
1 855 693
1 895 666
1 935 639
1 975 612
1 1015 585
1 1055 558
2 37 774
2 150 747
2 264 720
2 378 693
2 492 666
2 605 639
2 720 612
2 834 585
2 948 558
3 896 1016
3 907 989
3 919 962
3 930 935
3 942 908
3 954 881
3 966 854
3 978 828
3 990 801
3 1002 774
3 1013 747
3 1025 720
3 1037 693
3 1049 666
3 1061 639
3 1073 612
3 1085 585
3 1096 558
