0 450 1016
0 485 989
0 520 962
0 556 935
0 592 908
0 628 881
0 664 854
0 700 828
0 736 801
0 772 774
0 808 747
0 844 720
0 880 693
0 916 666
0 953 639
0 989 612
0 1025 585
0 1061 558
1 1845 1016
1 1808 989
1 1771 962
1 1733 935
1 1695 908
1 1657 881
1 1618 854
1 1580 828
1 1542 801
1 1503 774
1 1464 747
1 1425 720
1 1386 693
1 1347 666
1 1308 639
1 1268 612
1 1229 585
1 1189 558
2 40 908
2 113 881
2 186 854
2 259 828
2 332 801
2 405 774
2 478 747
2 552 720
2 625 693
2 698 666
2 771 639
2 844 612
2 917 585
2 990 558
3 69 774
3 178 747
3 287 720
3 397 693
3 507 666
3 618 639
3 729 612
3 840 585
3 950 558
