0 351 1016
0 391 989
0 432 962
0 472 935
0 513 908
0 554 881
0 595 854
0 636 828
0 677 801
0 718 774
0 759 747
0 800 720
0 841 693
0 882 666
0 923 639
0 964 612
0 1005 585
0 1046 558
1 1791 1016
1 1756 989
1 1720 962
1 1684 935
1 1648 908
1 1613 881
1 1577 854
1 1541 828
1 1505 801
1 1469 774
1 1433 747
1 1397 720
1 1361 693
1 1325 666
1 1289 639
1 1253 612
1 1217 585
1 1181 558
2 1048 1016
2 1052 989
2 1056 962
2 1059 935
2 1063 908
2 1067 881
2 1071 854
2 1074 828
2 1078 801
2 1082 774
2 1085 747
2 1089 720
2 1093 693
2 1096 666
2 1100 639
2 1103 612
2 1107 585
2 1110 558
3 63 854
3 146 828
3 229 801
3 312 774
3 395 747
3 478 720
3 561 693
3 644 666
3 727 639
3 810 612
3 893 585
3 976 558
