0 1795 1016
0 1760 989
0 1724 962
0 1689 935
0 1653 908
0 1617 881
0 1581 854
0 1545 828
0 1509 801
0 1473 774
0 1437 747
0 1401 720
0 1364 693
0 1328 666
0 1291 639
0 1255 612
0 1218 585
0 1182 558
1 375 1016
1 415 989
1 455 962
1 495 935
1 535 908
1 575 881
1 614 854
1 654 828
1 694 801
1 734 774
1 774 747
1 814 720
1 854 693
1 894 666
1 933 639
1 973 612
1 1013 585
1 1052 558
2 25 774
2 138 747
2 250 720
2 363 693
2 476 666
2 590 639
2 703 612
2 817 585
2 931 558
3 1201 1016
3 1196 989
3 1191 962
3 1186 935
3 1181 908
3 1176 881
3 1171 854
3 1166 828
3 1160 801
3 1155 774
3 1150 747
3 1145 720
3 1139 693
3 1134 666
3 1129 639
3 1124 612
3 1118 585
3 1113 558
