0 1805 1016
0 1770 989
0 1734 962
0 1697 935
0 1661 908
0 1624 881
0 1587 854
0 1551 828
0 1514 801
0 1477 774
0 1440 747
0 1403 720
0 1366 693
0 1329 666
0 1292 639
0 1255 612
0 1218 585
0 1180 558
1 431 1016
1 466 989
1 502 962
1 538 935
1 574 908
1 609 881
1 645 854
1 682 828
1 718 801
1 754 774
1 790 747
1 826 720
1 862 693
1 899 666
1 935 639
1 971 612
1 1007 585
1 1044 558
2 52 908
2 125 881
2 197 854
2 270 828
2 343 801
2 416 774
2 489 747
2 562 720
2 634 693
2 707 666
2 780 639
2 853 612
2 926 585
3 47 774
3 157 747
3 268 720
3 380 693
3 492 666
3 603 639
3 716 612
3 829 585
3 941 558
