0 1814 1016
0 1778 989
0 1741 962
0 1704 935
0 1667 908
0 1630 881
0 1593 854
0 1556 828
0 1518 801
0 1481 774
0 1444 747
0 1406 720
0 1369 693
0 1332 666
0 1294 639
0 1257 612
0 1220 585
0 1182 558
1 426 1016
1 462 989
1 499 962
1 535 935
1 572 908
1 609 881
1 646 854
1 683 828
1 720 801
1 757 774
1 795 747
1 832 720
1 869 693
1 906 666
1 943 639
1 980 612
1 1017 585
1 1054 558
2 44 774
2 153 747
2 263 720
2 374 693
2 485 666
2 596 639
2 708 612
2 820 585
2 931 558
3 63 908
3 133 881
3 204 854
3 274 828
3 345 801
3 416 774
3 487 747
3 557 720
3 628 693
3 699 666
3 769 639
3 840 612
3 911 585
3 981 558
