0 1790 1016
0 1756 989
0 1721 962
0 1686 935
0 1651 908
0 1616 881
0 1581 854
0 1546 828
0 1511 801
0 1476 774
0 1441 747
0 1406 720
0 1371 693
0 1335 666
0 1300 639
0 1265 612
0 1230 585
0 1196 558
1 395 1016
1 433 989
1 471 962
1 509 935
1 548 908
1 587 881
1 626 854
1 665 828
1 704 801
1 743 774
1 782 747
1 822 720
1 862 693
1 902 666
1 942 639
1 982 612
1 1023 585
1 1064 558
2 49 881
2 128 854
2 206 828
2 285 801
2 363 774
2 442 747
2 520 720
2 599 693
2 678 666
2 756 639
2 835 612
2 913 585
2 992 558
3 17 774
3 131 747
3 245 720
3 361 693
3 476 666
3 592 639
3 708 612
3 825 585
3 941 558
