0 425 1016
0 463 989
0 501 962
0 538 935
0 576 908
0 614 881
0 652 854
0 689 828
0 727 801
0 765 774
0 803 747
0 841 720
0 878 693
0 916 666
0 954 639
0 992 612
0 1029 585
0 1067 558
1 1805 1016
1 1770 989
1 1733 962
1 1697 935
1 1661 908
1 1624 881
1 1588 854
1 1551 828
1 1515 801
1 1478 774
1 1442 747
1 1405 720
1 1369 693
1 1332 666
1 1296 639
1 1260 612
1 1224 585
1 1187 558
2 26 935
2 95 908
2 164 881
2 233 854
2 302 828
2 371 801
2 441 774
2 510 747
2 579 720
2 649 693
2 718 666
2 787 639
2 857 612
2 926 585
2 995 558
