0 1855 1016
0 1817 989
0 1778 962
0 1738 935
0 1698 908
0 1658 881
0 1618 854
0 1578 828
0 1537 801
0 1497 774
0 1456 747
0 1415 720
0 1374 693
0 1332 666
0 1291 639
0 1249 612
0 1207 585
0 1164 558
1 403 1016
1 439 989
1 476 962
1 513 935
1 550 908
1 587 881
1 623 854
1 660 828
1 697 801
1 734 774
1 771 747
1 808 720
1 844 693
1 881 666
1 918 639
1 954 612
1 990 585
1 1027 558
2 2164 801
2 2063 774
2 1963 747
2 1862 720
2 1761 693
2 1661 666
2 1560 639
2 1459 612
2 1358 585
2 1257 558
3 40 774
3 147 747
3 253 720
3 360 693
3 468 666
3 575 639
3 683 612
3 791 585
3 899 558
