0 1788 1016
0 1753 989
0 1718 962
0 1683 935
0 1647 908
0 1611 881
0 1575 854
0 1539 828
0 1503 801
0 1467 774
0 1431 747
0 1395 720
0 1359 693
0 1323 666
0 1287 639
0 1251 612
0 1215 585
0 1179 558
1 406 1016
1 443 989
1 479 962
1 516 935
1 553 908
1 590 881
1 627 854
1 664 828
1 702 801
1 739 774
1 777 747
1 815 720
1 853 693
1 891 666
1 929 639
1 968 612
1 1007 585
1 1047 558
2 54 881
2 132 854
2 210 828
2 289 801
2 367 774
2 445 747
2 524 720
2 602 693
2 681 666
2 759 639
2 837 612
2 916 585
2 994 558
