0 1786 1016
0 1751 989
0 1716 962
0 1680 935
0 1645 908
0 1609 881
0 1574 854
0 1538 828
0 1503 801
0 1467 774
0 1432 747
0 1396 720
0 1361 693
0 1325 666
0 1290 639
0 1255 612
0 1220 585
0 1185 558
1 378 1016
1 416 989
1 455 962
1 494 935
1 533 908
1 573 881
1 612 854
1 651 828
1 690 801
1 730 774
1 769 747
1 808 720
1 848 693
1 887 666
1 926 639
1 965 612
1 1004 585
1 1043 558
2 68 881
2 143 854
2 218 828
2 293 801
2 368 774
2 443 747
2 518 720
2 593 693
2 668 666
2 743 639
2 818 612
2 893 585
2 968 558
