0 1791 1016
0 1756 989
0 1721 962
0 1685 935
0 1649 908
0 1612 881
0 1576 854
0 1540 828
0 1504 801
0 1467 774
0 1431 747
0 1395 720
0 1358 693
0 1322 666
0 1285 639
0 1249 612
0 1213 585
0 1176 558
1 422 1016
1 458 989
1 494 962
1 530 935
1 567 908
1 603 881
1 640 854
1 676 828
1 713 801
1 749 774
1 786 747
1 823 720
1 860 693
1 897 666
1 935 639
1 972 612
1 1010 585
1 1047 558
2 43 881
2 121 854
2 199 828
2 276 801
2 354 774
2 432 747
2 509 720
2 587 693
2 665 666
2 742 639
2 820 612
2 898 585
2 975 558
3 29 774
3 141 747
3 253 720
3 366 693
3 479 666
3 593 639
3 707 612
3 821 585
3 935 558
