0 1741 1016
0 1710 989
0 1677 962
0 1644 935
0 1611 908
0 1578 881
0 1545 854
0 1512 828
0 1478 801
0 1445 774
0 1412 747
0 1379 720
0 1345 693
0 1312 666
0 1279 639
0 1246 612
0 1213 585
0 1180 558
1 327 1016
1 368 989
1 410 962
1 452 935
1 494 908
1 537 881
1 580 854
1 622 828
1 665 801
1 708 774
1 750 747
1 793 720
1 836 693
1 879 666
1 922 639
1 964 612
1 1007 585
1 1050 558
2 12 881
2 93 854
2 173 828
2 254 801
2 335 774
2 416 747
2 497 720
2 578 693
2 659 666
2 740 639
2 821 612
2 901 585
2 982 558
