0 1841 1016
0 1804 989
0 1766 962
0 1727 935
0 1688 908
0 1650 881
0 1611 854
0 1572 828
0 1533 801
0 1494 774
0 1455 747
0 1415 720
0 1376 693
0 1337 666
0 1298 639
0 1259 612
0 1220 585
0 1180 558
1 429 1016
1 466 989
1 503 962
1 541 935
1 578 908
1 616 881
1 654 854
1 691 828
1 729 801
1 766 774
1 804 747
1 842 720
1 879 693
1 917 666
1 955 639
1 992 612
1 1030 585
1 1068 558
2 35 774
2 149 747
2 263 720
2 378 693
2 493 666
2 609 639
2 725 612
2 840 585
2 956 558
3 1188 1016
3 1185 989
3 1180 962
3 1176 935
3 1172 908
3 1168 881
3 1164 854
3 1159 828
3 1155 801
3 1151 774
3 1147 747
3 1142 720
3 1138 693
3 1134 666
3 1130 639
3 1125 612
3 1121 585
3 1117 558
