0 1852 1016
0 1814 989
0 1775 962
0 1736 935
0 1696 908
0 1657 881
0 1617 854
0 1577 828
0 1537 801
0 1497 774
0 1457 747
0 1417 720
0 1377 693
0 1336 666
0 1296 639
0 1255 612
0 1215 585
0 1174 558
1 454 1016
1 489 989
1 524 962
1 560 935
1 595 908
1 631 881
1 667 854
1 702 828
1 738 801
1 774 774
1 809 747
1 845 720
1 881 693
1 916 666
1 952 639
1 987 612
1 1023 585
1 1058 558
2 44 908
2 117 881
2 190 854
2 263 828
2 336 801
2 409 774
2 482 747
2 555 720
2 628 693
2 701 666
2 775 639
2 848 612
2 921 585
2 994 558
3 59 774
3 169 747
3 279 720
3 390 693
3 501 666
3 613 639
3 725 612
3 837 585
3 948 558
