0 1828 1016
0 1791 989
0 1753 962
0 1715 935
0 1677 908
0 1639 881
0 1601 854
0 1562 828
0 1524 801
0 1485 774
0 1447 747
0 1408 720
0 1370 693
0 1331 666
0 1293 639
0 1254 612
0 1216 585
0 1178 558
1 474 1016
1 507 989
1 540 962
1 574 935
1 607 908
1 641 881
1 675 854
1 708 828
1 742 801
1 776 774
1 810 747
1 844 720
1 878 693
1 912 666
1 946 639
1 980 612
1 1014 585
1 1048 558
2 70 774
2 178 747
2 285 720
2 393 693
2 502 666
2 610 639
2 719 612
2 828 585
2 937 558
3 51 908
3 123 881
3 195 854
3 267 828
3 339 801
3 410 774
3 482 747
3 554 720
3 626 693
3 698 666
3 770 639
3 842 612
3 913 585
3 985 558
