0 356 1016
0 395 989
0 434 962
0 473 935
0 513 908
0 552 881
0 592 854
0 631 828
0 671 801
0 711 774
0 752 747
0 792 720
0 834 693
0 875 666
0 917 639
0 959 612
0 1002 585
0 1045 558
1 1699 1016
1 1670 989
1 1639 962
1 1609 935
1 1578 908
1 1548 881
1 1517 854
1 1487 828
1 1457 801
1 1426 774
1 1396 747
1 1366 720
1 1336 693
1 1306 666
1 1277 639
1 1248 612
1 1219 585
1 1191 558
2 33 881
2 113 854
2 194 828
2 275 801
2 355 774
2 436 747
2 517 720
2 597 693
2 678 666
2 758 639
2 839 612
2 920 585
2 1000 558
