0 1869 1016
0 1831 989
0 1791 962
0 1751 935
0 1711 908
0 1671 881
0 1631 854
0 1590 828
0 1550 801
0 1509 774
0 1468 747
0 1427 720
0 1386 693
0 1345 666
0 1304 639
0 1262 612
0 1221 585
0 1179 558
1 477 1016
1 512 989
1 546 962
1 581 935
1 615 908
1 649 881
1 684 854
1 718 828
1 752 801
1 786 774
1 821 747
1 855 720
1 889 693
1 922 666
1 956 639
1 990 612
1 1023 585
1 1056 558
2 47 908
2 118 881
2 190 854
2 262 828
2 335 801
2 406 774
2 479 747
2 551 720
2 623 693
2 694 666
2 766 639
2 838 612
2 910 585
2 982 558
