0 1704 1016
0 1674 989
0 1644 962
0 1613 935
0 1582 908
0 1551 881
0 1520 854
0 1489 828
0 1458 801
0 1427 774
0 1396 747
0 1365 720
0 1334 693
0 1303 666
0 1272 639
0 1241 612
0 1210 585
0 1179 558
1 349 1016
1 388 989
1 427 962
1 466 935
1 505 908
1 545 881
1 584 854
1 623 828
1 662 801
1 702 774
1 742 747
1 782 720
1 822 693
1 862 666
1 902 639
1 943 612
1 984 585
1 1025 558
2 51 881
2 127 854
2 204 828
2 281 801
2 357 774
2 434 747
2 510 720
2 587 693
2 664 666
2 740 639
2 817 612
2 893 585
2 970 558
