0 1831 1016
0 1794 989
0 1757 962
0 1719 935
0 1680 908
0 1642 881
0 1604 854
0 1566 828
0 1527 801
0 1488 774
0 1449 747
0 1410 720
0 1371 693
0 1332 666
0 1292 639
0 1253 612
0 1213 585
0 1173 558
1 458 1016
1 491 989
1 524 962
1 558 935
1 592 908
1 626 881
1 661 854
1 695 828
1 729 801
1 764 774
1 798 747
1 833 720
1 867 693
1 902 666
1 936 639
1 971 612
1 1005 585
1 1040 558
2 11 908
2 86 881
2 160 854
2 235 828
2 310 801
2 384 774
2 459 747
2 533 720
2 608 693
2 683 666
2 757 639
2 832 612
2 907 585
2 981 558
