0 1768 1016
0 1735 989
0 1701 962
0 1666 935
0 1631 908
0 1597 881
0 1562 854
0 1527 828
0 1492 801
0 1457 774
0 1422 747
0 1387 720
0 1351 693
0 1316 666
0 1280 639
0 1245 612
0 1209 585
0 1174 558
1 380 1016
1 418 989
1 457 962
1 496 935
1 535 908
1 574 881
1 613 854
1 652 828
1 692 801
1 731 774
1 771 747
1 810 720
1 850 693
1 889 666
1 929 639
1 968 612
1 1008 585
1 1047 558
2 63 881
2 140 854
2 217 828
2 295 801
2 372 774
2 450 747
2 527 720
2 605 693
2 682 666
2 760 639
2 838 612
2 915 585
2 993 558
