0 1890 1016
0 1850 989
0 1809 962
0 1767 935
0 1725 908
0 1683 881
0 1641 854
0 1599 828
0 1557 801
0 1515 774
0 1472 747
0 1429 720
0 1387 693
0 1344 666
0 1301 639
0 1258 612
0 1214 585
0 1171 558
1 460 1016
1 496 989
1 531 962
1 567 935
1 602 908
1 638 881
1 674 854
1 709 828
1 744 801
1 780 774
1 814 747
1 849 720
1 883 693
1 917 666
1 951 639
1 984 612
1 1017 585
1 1049 558
2 58 774
2 166 747
2 274 720
2 382 693
2 491 666
2 599 639
2 708 612
2 818 585
2 926 558
3 35 908
3 107 881
3 180 854
3 253 828
3 326 801
3 398 774
3 471 747
3 544 720
3 616 693
3 689 666
3 762 639
3 834 612
3 907 585
3 979 558
