0 1852 1016
0 1814 989
0 1775 962
0 1736 935
0 1696 908
0 1657 881
0 1618 854
0 1578 828
0 1539 801
0 1500 774
0 1460 747
0 1421 720
0 1381 693
0 1342 666
0 1302 639
0 1263 612
0 1224 585
0 1184 558
1 421 1016
1 458 989
1 495 962
1 533 935
1 571 908
1 608 881
1 646 854
1 684 828
1 722 801
1 759 774
1 797 747
1 835 720
1 873 693
1 911 666
1 949 639
1 986 612
1 1024 585
1 1062 558
2 1122 1016
2 1122 989
2 1121 962
2 1121 935
2 1121 908
2 1121 881
2 1121 854
2 1120 828
2 1120 801
2 1120 774
2 1120 747
2 1120 720
2 1120 693
2 1120 666
2 1120 639
2 1119 612
2 1119 585
2 1119 558
