0 310 1016
0 354 989
0 397 962
0 441 935
0 485 908
0 529 881
0 573 854
0 617 828
0 661 801
0 706 774
0 750 747
0 794 720
0 838 693
0 882 666
0 927 639
0 971 612
0 1015 585
0 1059 558
1 1748 1016
1 1716 989
1 1683 962
1 1650 935
1 1617 908
1 1583 881
1 1550 854
1 1516 828
1 1482 801
1 1448 774
1 1415 747
1 1381 720
1 1347 693
1 1313 666
1 1279 639
1 1246 612
1 1212 585
1 1178 558
2 45 881
2 124 854
2 203 828
2 282 801
2 362 774
2 441 747
2 520 720
2 599 693
2 679 666
2 758 639
2 837 612
2 916 585
2 996 558
3 6 774
3 123 747
3 239 720
3 356 693
3 474 666
3 591 639
3 709 612
3 828 585
3 945 558
