0 414 1016
0 452 989
0 490 962
0 527 935
0 565 908
0 603 881
0 641 854
0 679 828
0 717 801
0 755 774
0 793 747
0 831 720
0 870 693
0 908 666
0 947 639
0 985 612
0 1024 585
0 1063 558
1 1800 1016
1 1766 989
1 1731 962
1 1695 935
1 1660 908
1 1624 881
1 1588 854
1 1553 828
1 1517 801
1 1481 774
1 1445 747
1 1409 720
1 1373 693
1 1337 666
1 1301 639
1 1266 612
1 1229 585
1 1193 558
2 43 881
2 123 854
2 203 828
2 283 801
2 363 774
2 443 747
2 523 720
2 603 693
2 683 666
2 763 639
2 843 612
2 923 585
2 1003 558
3 20 774
3 134 747
3 248 720
3 362 693
3 477 666
3 592 639
3 707 612
3 823 585
3 938 558
