0 1790 1016
0 1755 989
0 1720 962
0 1684 935
0 1649 908
0 1613 881
0 1577 854
0 1541 828
0 1505 801
0 1469 774
0 1433 747
0 1397 720
0 1361 693
0 1325 666
0 1289 639
0 1253 612
0 1217 585
0 1181 558
1 361 1016
1 401 989
1 441 962
1 481 935
1 521 908
1 562 881
1 602 854
1 643 828
1 684 801
1 724 774
1 765 747
1 806 720
1 846 693
1 887 666
1 928 639
1 968 612
1 1009 585
1 1049 558
2 1062 1016
2 1065 989
2 1067 962
2 1070 935
2 1073 908
2 1076 881
2 1079 854
2 1082 828
2 1085 801
2 1088 774
2 1091 747
2 1094 720
2 1096 693
2 1099 666
2 1102 639
2 1105 612
2 1107 585
2 1110 558
