0 408 1016
0 446 989
0 485 962
0 523 935
0 562 908
0 600 881
0 639 854
0 677 828
0 716 801
0 754 774
0 793 747
0 832 720
0 870 693
0 909 666
0 947 639
0 986 612
0 1024 585
0 1063 558
1 1795 1016
1 1760 989
1 1725 962
1 1689 935
1 1653 908
1 1617 881
1 1581 854
1 1545 828
1 1509 801
1 1472 774
1 1436 747
1 1400 720
1 1364 693
1 1327 666
1 1291 639
1 1255 612
1 1219 585
1 1182 558
2 56 774
2 167 747
2 278 720
2 390 693
2 502 666
2 614 639
2 726 612
2 839 585
2 952 558
3 52 908
3 124 881
3 197 854
3 270 828
3 343 801
3 415 774
3 488 747
3 561 720
3 634 693
3 707 666
3 779 639
3 852 612
3 925 585
3 997 558
