0 1768 1016
0 1735 989
0 1700 962
0 1666 935
0 1631 908
0 1596 881
0 1562 854
0 1527 828
0 1492 801
0 1456 774
0 1421 747
0 1386 720
0 1351 693
0 1315 666
0 1280 639
0 1244 612
0 1209 585
0 1173 558
1 45 881
1 124 854
1 204 828
1 283 801
1 363 774
1 442 747
1 521 720
1 601 693
1 680 666
1 760 639
1 839 612
1 918 585
1 998 558
2 374 1016
2 413 989
2 453 962
2 493 935
2 533 908
2 573 881
2 613 854
2 653 828
2 694 801
2 734 774
2 774 747
2 815 720
2 855 693
2 895 666
2 936 639
2 976 612
2 1017 585
2 1057 558
