0 1832 1016
0 1795 989
0 1757 962
0 1719 935
0 1680 908
0 1642 881
0 1603 854
0 1565 828
0 1526 801
0 1487 774
0 1449 747
0 1410 720
0 1371 693
0 1333 666
0 1294 639
0 1255 612
0 1217 585
0 1178 558
1 429 1016
1 464 989
1 499 962
1 535 935
1 571 908
1 607 881
1 643 854
1 679 828
1 715 801
1 752 774
1 788 747
1 824 720
1 860 693
1 896 666
1 933 639
1 969 612
1 1005 585
1 1041 558
2 39 774
2 147 747
2 256 720
2 365 693
2 475 666
2 585 639
2 695 612
2 806 585
2 916 558
3 22 908
3 95 881
3 168 854
3 241 828
3 314 801
3 387 774
3 460 747
3 533 720
3 606 693
3 679 666
3 752 639
3 825 612
3 898 585
3 971 558
