0 1757 1016
0 1725 989
0 1691 962
0 1658 935
0 1625 908
0 1591 881
0 1557 854
0 1524 828
0 1490 801
0 1456 774
0 1421 747
0 1387 720
0 1352 693
0 1318 666
0 1283 639
0 1248 612
0 1212 585
0 1177 558
1 358 1016
1 399 989
1 440 962
1 481 935
1 523 908
1 564 881
1 606 854
1 647 828
1 689 801
1 730 774
1 772 747
1 813 720
1 855 693
1 897 666
1 938 639
1 980 612
1 1021 585
1 1063 558
2 28 881
2 108 854
2 188 828
2 268 801
2 348 774
2 429 747
2 509 720
2 590 693
2 670 666
2 751 639
2 832 612
2 913 585
2 994 558
