0 1779 1016
0 1745 989
0 1710 962
0 1675 935
0 1639 908
0 1604 881
0 1569 854
0 1533 828
0 1498 801
0 1462 774
0 1427 747
0 1391 720
0 1355 693
0 1320 666
0 1284 639
0 1248 612
0 1213 585
0 1177 558
1 336 1016
1 378 989
1 420 962
1 462 935
1 504 908
1 546 881
1 588 854
1 630 828
1 672 801
1 715 774
1 757 747
1 799 720
1 841 693
1 883 666
1 926 639
1 968 612
1 1010 585
1 1052 558
2 33 881
2 113 854
2 193 828
2 273 801
2 353 774
2 433 747
2 513 720
2 593 693
2 672 666
2 752 639
2 832 612
2 912 585
2 992 558
