0 1749 1016
0 1715 989
0 1681 962
0 1647 935
0 1613 908
0 1579 881
0 1545 854
0 1510 828
0 1476 801
0 1442 774
0 1407 747
0 1373 720
0 1339 693
0 1304 666
0 1270 639
0 1236 612
0 1201 585
0 1167 558
1 386 1016
1 424 989
1 461 962
1 499 935
1 537 908
1 575 881
1 613 854
1 651 828
1 690 801
1 728 774
1 766 747
1 804 720
1 843 693
1 881 666
1 919 639
1 958 612
1 996 585
1 1034 558
2 79 747
2 198 720
2 318 693
2 437 666
2 557 639
2 676 612
2 796 585
2 916 558
3 2177 801
3 2077 774
3 1977 747
3 1876 720
3 1776 693
3 1676 666
3 1575 639
3 1474 612
3 1374 585
3 1273 558
