0 326 1016
0 367 989
0 408 962
0 449 935
0 491 908
0 533 881
0 575 854
0 617 828
0 659 801
0 701 774
0 743 747
0 786 720
0 828 693
0 870 666
0 912 639
0 954 612
0 996 585
0 1038 558
1 1715 1016
1 1684 989
1 1653 962
1 1621 935
1 1589 908
1 1557 881
1 1525 854
1 1493 828
1 1461 801
1 1429 774
1 1397 747
1 1365 720
1 1332 693
1 1300 666
1 1267 639
1 1235 612
1 1202 585
1 1169 558
2 2160 801
2 2062 774
2 1964 747
2 1867 720
2 1769 693
2 1671 666
2 1573 639
2 1475 612
2 1377 585
2 1279 558
3 61 747
3 182 720
3 302 693
3 423 666
3 544 639
3 665 612
3 787 585
3 908 558
