0 1769 1016
0 1735 989
0 1701 962
0 1666 935
0 1631 908
0 1596 881
0 1561 854
0 1527 828
0 1492 801
0 1457 774
0 1422 747
0 1387 720
0 1351 693
0 1316 666
0 1281 639
0 1245 612
0 1210 585
0 1174 558
1 426 1016
1 463 989
1 499 962
1 536 935
1 573 908
1 609 881
1 646 854
1 683 828
1 720 801
1 757 774
1 794 747
1 831 720
1 867 693
1 904 666
1 941 639
1 978 612
1 1015 585
1 1052 558
2 1108 1016
2 1108 989
2 1108 962
2 1108 935
2 1108 908
2 1108 881
2 1107 854
2 1107 828
2 1107 801
2 1107 774
2 1106 747
2 1106 720
2 1106 693
2 1105 666
2 1105 639
2 1105 612
2 1104 585
2 1104 558
