0 1869 1016
0 1830 989
0 1790 962
0 1750 935
0 1710 908
0 1670 881
0 1630 854
0 1590 828
0 1549 801
0 1509 774
0 1468 747
0 1428 720
0 1387 693
0 1346 666
0 1305 639
0 1264 612
0 1223 585
0 1181 558
1 429 1016
1 464 989
1 499 962
1 535 935
1 571 908
1 607 881
1 643 854
1 679 828
1 715 801
1 751 774
1 786 747
1 822 720
1 858 693
1 894 666
1 930 639
1 966 612
1 1002 585
1 1037 558
2 27 774
2 136 747
2 245 720
2 354 693
2 464 666
2 574 639
2 684 612
2 794 585
2 904 558
3 2194 801
3 2093 774
3 1992 747
3 1891 720
3 1790 693
3 1689 666
3 1587 639
3 1486 612
3 1385 585
3 1283 558
