0 1734 1016
0 1702 989
0 1670 962
0 1637 935
0 1604 908
0 1571 881
0 1538 854
0 1505 828
0 1472 801
0 1439 774
0 1406 747
0 1373 720
0 1340 693
0 1306 666
0 1273 639
0 1239 612
0 1206 585
0 1172 558
1 375 1016
1 412 989
1 451 962
1 490 935
1 529 908
1 569 881
1 608 854
1 647 828
1 687 801
1 726 774
1 766 747
1 806 720
1 845 693
1 885 666
1 924 639
1 964 612
1 1003 585
1 1043 558
2 1101 1016
2 1102 989
2 1103 962
2 1103 935
2 1104 908
2 1104 881
2 1104 854
2 1104 828
2 1104 801
2 1105 774
2 1105 747
2 1105 720
2 1105 693
2 1105 666
2 1105 639
2 1106 612
2 1106 585
2 1106 558
