0 1742 1016
0 1710 989
0 1676 962
0 1643 935
0 1610 908
0 1576 881
0 1542 854
0 1509 828
0 1475 801
0 1441 774
0 1408 747
0 1374 720
0 1340 693
0 1306 666
0 1273 639
0 1239 612
0 1205 585
0 1172 558
1 423 1016
1 459 989
1 496 962
1 533 935
1 571 908
1 608 881
1 646 854
1 683 828
1 721 801
1 759 774
1 796 747
1 834 720
1 871 693
1 909 666
1 947 639
1 984 612
1 1022 585
1 1059 558
2 2199 801
2 2097 774
2 1996 747
2 1895 720
2 1793 693
2 1692 666
2 1590 639
2 1488 612
2 1387 585
2 1285 558
3 114 747
3 232 720
3 351 693
3 470 666
3 589 639
3 708 612
3 827 585
3 946 558
