0 1780 1016
0 1746 989
0 1711 962
0 1676 935
0 1640 908
0 1605 881
0 1570 854
0 1534 828
0 1499 801
0 1463 774
0 1428 747
0 1392 720
0 1356 693
0 1320 666
0 1284 639
0 1248 612
0 1211 585
0 1175 558
1 1153 1016
1 1151 989
1 1150 962
1 1148 935
1 1146 908
1 1144 881
1 1142 854
1 1140 828
1 1137 801
1 1135 774
1 1133 747
1 1131 720
1 1128 693
1 1126 666
1 1124 639
1 1121 612
1 1118 585
1 1116 558
2 499 1016
2 530 989
2 561 962
2 593 935
2 624 908
2 656 881
2 688 854
2 720 828
2 752 801
2 784 774
2 817 747
2 849 720
2 882 693
2 914 666
2 947 639
2 980 612
2 1013 585
2 1046 558
