0 1798 1016
0 1763 989
0 1728 962
0 1692 935
0 1656 908
0 1620 881
0 1584 854
0 1548 828
0 1512 801
0 1476 774
0 1439 747
0 1403 720
0 1366 693
0 1329 666
0 1292 639
0 1255 612
0 1218 585
0 1180 558
1 1042 1016
1 1046 989
1 1050 962
1 1054 935
1 1058 908
1 1062 881
1 1066 854
1 1070 828
1 1074 801
1 1077 774
1 1081 747
1 1085 720
1 1089 693
1 1092 666
1 1096 639
1 1100 612
1 1103 585
1 1106 558
2 479 1016
2 511 989
2 544 962
2 578 935
2 612 908
2 646 881
2 680 854
2 715 828
2 749 801
2 783 774
2 817 747
2 852 720
2 886 693
2 920 666
2 954 639
2 988 612
2 1022 585
2 1056 558
