0 1769 1016
0 1735 989
0 1701 962
0 1667 935
0 1632 908
0 1598 881
0 1563 854
0 1529 828
0 1494 801
0 1459 774
0 1425 747
0 1390 720
0 1355 693
0 1320 666
0 1285 639
0 1251 612
0 1216 585
0 1181 558
1 766 1016
1 784 989
1 802 962
1 820 935
1 839 908
1 858 881
1 876 854
1 895 828
1 914 801
1 933 774
1 951 747
1 970 720
1 989 693
1 1008 666
1 1026 639
1 1045 612
1 1063 585
1 1082 558
2 418 1016
2 453 989
2 490 962
2 526 935
2 563 908
2 599 881
2 636 854
2 673 828
2 710 801
2 747 774
2 784 747
2 822 720
2 859 693
2 896 666
2 933 639
2 970 612
2 1007 585
2 1044 558
