0 1760 1016
0 1727 989
0 1694 962
0 1660 935
0 1626 908
0 1593 881
0 1559 854
0 1525 828
0 1491 801
0 1457 774
0 1423 747
0 1389 720
0 1355 693
0 1321 666
0 1287 639
0 1253 612
0 1219 585
0 1185 558
1 378 1016
1 417 989
1 456 962
1 496 935
1 536 908
1 576 881
1 616 854
1 656 828
1 697 801
1 737 774
1 777 747
1 817 720
1 858 693
1 898 666
1 938 639
1 978 612
1 1019 585
1 1058 558
2 757 1016
2 777 989
2 797 962
2 816 935
2 836 908
2 856 881
2 876 854
2 896 828
2 916 801
2 935 774
2 955 747
2 975 720
2 995 693
2 1014 666
2 1034 639
2 1054 612
2 1073 585
2 1093 558
