0 1769 1016
0 1736 989
0 1702 962
0 1668 935
0 1634 908
0 1600 881
0 1566 854
0 1532 828
0 1497 801
0 1463 774
0 1428 747
0 1393 720
0 1358 693
0 1323 666
0 1287 639
0 1252 612
0 1216 585
0 1180 558
1 444 1016
1 481 989
1 518 962
1 555 935
1 593 908
1 630 881
1 667 854
1 705 828
1 742 801
1 779 774
1 817 747
1 854 720
1 891 693
1 928 666
1 966 639
1 1003 612
1 1040 585
2 2129 774
2 2024 747
2 1919 720
2 1813 693
2 1708 666
2 1603 639
2 1497 612
2 1392 585
2 1286 558
3 1228 1016
3 1222 989
3 1216 962
3 1211 935
3 1205 908
3 1199 881
3 1193 854
3 1187 828
3 1181 801
3 1176 774
3 1170 747
3 1164 720
3 1158 693
3 1152 666
3 1146 639
3 1140 612
3 1134 585
3 1128 558
