0 1736 1016
0 1705 989
0 1673 962
0 1640 935
0 1608 908
0 1575 881
0 1542 854
0 1509 828
0 1476 801
0 1443 774
0 1410 747
0 1376 720
0 1343 693
0 1309 666
0 1275 639
0 1241 612
0 1207 585
0 1172 558
1 800 1016
1 816 989
1 832 962
1 849 935
1 865 908
1 882 881
1 898 854
1 915 828
1 931 801
1 948 774
1 964 747
1 981 720
1 997 693
1 1014 666
1 1031 639
1 1047 612
1 1063 585
1 1080 558
2 411 1016
2 448 989
2 484 962
2 521 935
2 557 908
2 594 881
2 631 854
2 667 828
2 704 801
2 741 774
2 777 747
2 814 720
2 851 693
2 888 666
2 924 639
2 961 612
2 998 585
2 1035 558
