0 414 1016
0 451 989
0 489 962
0 526 935
0 564 908
0 602 881
0 639 854
0 677 828
0 714 801
0 752 774
0 790 747
0 827 720
0 865 693
0 903 666
0 940 639
0 978 612
0 1015 585
0 1052 558
1 1782 1016
1 1748 989
1 1714 962
1 1679 935
1 1644 908
1 1609 881
1 1574 854
1 1539 828
1 1504 801
1 1469 774
1 1433 747
1 1397 720
1 1361 693
1 1325 666
1 1288 639
1 1252 612
1 1215 585
1 1177 558
2 63 908
2 133 881
2 204 854
2 275 828
2 346 801
2 417 774
2 488 747
2 559 720
2 630 693
2 701 666
2 771 639
2 842 612
2 913 585
2 984 558
