0 1814 1016
0 1778 989
0 1741 962
0 1703 935
0 1666 908
0 1628 881
0 1591 854
0 1553 828
0 1516 801
0 1478 774
0 1441 747
0 1403 720
0 1366 693
0 1328 666
0 1291 639
0 1253 612
0 1216 585
0 1179 558
1 357 1016
1 396 989
1 437 962
1 477 935
1 517 908
1 558 881
1 598 854
1 639 828
1 679 801
1 720 774
1 760 747
1 801 720
1 842 693
1 882 666
1 922 639
1 963 612
1 1003 585
1 1043 558
2 77 747
2 197 720
2 317 693
2 438 666
2 558 639
2 679 612
2 800 585
2 921 558
3 2149 774
3 2043 747
3 1936 720
3 1829 693
3 1721 666
3 1614 639
3 1507 612
3 1400 585
3 1292 558
