0 1732 1016
0 1701 989
0 1669 962
0 1636 935
0 1604 908
0 1572 881
0 1539 854
0 1507 828
0 1474 801
0 1442 774
0 1409 747
0 1377 720
0 1344 693
0 1312 666
0 1279 639
0 1247 612
0 1214 585
0 1181 558
1 764 1016
1 782 989
1 801 962
1 820 935
1 839 908
1 858 881
1 878 854
1 897 828
1 916 801
1 936 774
1 955 747
1 975 720
1 994 693
1 1013 666
1 1032 639
1 1052 612
1 1071 585
1 1089 558
2 358 1016
2 397 989
2 437 962
2 478 935
2 518 908
2 559 881
2 600 854
2 642 828
2 683 801
2 724 774
2 765 747
2 806 720
2 848 693
2 889 666
2 930 639
2 971 612
2 1012 585
2 1053 558
