0 1819 1016
0 1783 989
0 1745 962
0 1708 935
0 1670 908
0 1632 881
0 1594 854
0 1555 828
0 1517 801
0 1479 774
0 1440 747
0 1401 720
0 1362 693
0 1323 666
0 1284 639
0 1245 612
0 1205 585
0 1165 558
1 400 1016
1 437 989
1 474 962
1 511 935
1 549 908
1 586 881
1 623 854
1 660 828
1 697 801
1 735 774
1 772 747
1 809 720
1 846 693
1 884 666
1 921 639
1 958 612
1 995 585
1 1032 558
2 27 774
2 137 747
2 248 720
2 359 693
2 471 666
2 583 639
2 694 612
2 807 585
2 918 558
3 2195 801
3 2091 774
3 1988 747
3 1884 720
3 1781 693
3 1677 666
3 1573 639
3 1470 612
3 1366 585
3 1262 558
