0 1768 1016
0 1735 989
0 1700 962
0 1666 935
0 1631 908
0 1596 881
0 1561 854
0 1526 828
0 1491 801
0 1456 774
0 1420 747
0 1385 720
0 1349 693
0 1313 666
0 1278 639
0 1242 612
0 1206 585
0 1169 558
1 767 1016
1 784 989
1 802 962
1 819 935
1 837 908
1 855 881
1 873 854
1 891 828
1 908 801
1 926 774
1 944 747
1 962 720
1 979 693
1 997 666
1 1015 639
1 1032 612
1 1050 585
1 1067 558
2 2187 801
2 2085 774
2 1983 747
2 1881 720
2 1780 693
2 1678 666
2 1576 639
2 1474 612
2 1372 585
2 1269 558
3 22 774
3 132 747
3 241 720
3 352 693
3 462 666
3 573 639
3 684 612
3 795 585
3 905 558
