0 1826 1016
0 1790 989
0 1752 962
0 1714 935
0 1677 908
0 1639 881
0 1601 854
0 1563 828
0 1524 801
0 1486 774
0 1448 747
0 1410 720
0 1371 693
0 1332 666
0 1294 639
0 1255 612
0 1216 585
0 1177 558
1 485 1016
1 518 989
1 551 962
1 584 935
1 618 908
1 652 881
1 686 854
1 720 828
1 755 801
1 789 774
1 823 747
1 857 720
1 892 693
1 926 666
1 960 639
1 994 612
1 1028 585
1 1062 558
2 36 908
2 109 881
2 182 854
2 256 828
2 330 801
2 403 774
2 477 747
2 551 720
2 625 693
2 699 666
2 773 639
2 847 612
2 921 585
2 994 558
