0 1762 1016
0 1729 989
0 1695 962
0 1660 935
0 1626 908
0 1592 881
0 1557 854
0 1523 828
0 1488 801
0 1454 774
0 1419 747
0 1385 720
0 1350 693
0 1316 666
0 1282 639
0 1247 612
0 1213 585
0 1179 558
1 746 1016
1 765 989
1 785 962
1 805 935
1 824 908
1 844 881
1 864 854
1 884 828
1 904 801
1 924 774
1 944 747
1 964 720
1 984 693
1 1004 666
1 1023 639
1 1043 612
1 1063 585
1 1082 558
2 422 1016
2 458 989
2 495 962
2 531 935
2 568 908
2 605 881
2 642 854
2 679 828
2 716 801
2 753 774
2 790 747
2 827 720
2 864 693
2 901 666
2 938 639
2 975 612
2 1012 585
2 1049 558
