0 759 1016
0 777 989
0 796 962
0 816 935
0 835 908
0 854 881
0 874 854
0 893 828
0 912 801
0 932 774
0 951 747
0 971 720
0 990 693
0 1010 666
0 1029 639
0 1048 612
0 1068 585
0 1087 558
1 1733 1016
1 1701 989
1 1668 962
1 1635 935
1 1602 908
1 1569 881
1 1536 854
1 1503 828
1 1470 801
1 1437 774
1 1403 747
1 1370 720
1 1337 693
1 1304 666
1 1271 639
1 1237 612
1 1204 585
1 1171 558
2 389 1016
2 426 989
2 463 962
2 501 935
2 539 908
2 578 881
2 616 854
2 655 828
2 693 801
2 732 774
2 771 747
2 810 720
2 849 693
2 889 666
2 928 639
2 967 612
2 1007 585
2 1047 558
