0 479 1016
0 513 989
0 547 962
0 581 935
0 615 908
0 649 881
0 684 854
0 718 828
0 753 801
0 788 774
0 822 747
0 857 720
0 892 693
0 926 666
0 961 639
0 996 612
0 1030 585
0 1065 558
1 1867 1016
1 1828 989
1 1789 962
1 1749 935
1 1709 908
1 1669 881
1 1630 854
1 1590 828
1 1550 801
1 1510 774
1 1469 747
1 1429 720
1 1389 693
1 1348 666
1 1308 639
1 1267 612
1 1227 585
1 1186 558
2 36 908
2 109 881
2 183 854
2 256 828
2 330 801
2 404 774
2 478 747
2 551 720
2 625 693
2 699 666
2 773 639
2 847 612
2 920 585
2 994 558
