0 445 1016
0 480 989
0 516 962
0 552 935
0 589 908
0 625 881
0 661 854
0 697 828
0 733 801
0 769 774
0 806 747
0 842 720
0 878 693
0 914 666
0 950 639
0 987 612
0 1023 585
0 1059 558
1 1774 1016
1 1740 989
1 1706 962
1 1671 935
1 1636 908
1 1602 881
1 1567 854
1 1532 828
1 1497 801
1 1462 774
1 1427 747
1 1392 720
1 1356 693
1 1321 666
1 1285 639
1 1250 612
1 1214 585
1 1177 558
2 1148 1016
2 1146 989
2 1144 962
2 1142 935
2 1140 908
2 1138 881
2 1136 854
2 1134 828
2 1132 801
2 1130 774
2 1128 747
2 1126 720
2 1124 693
2 1122 666
2 1121 639
2 1119 612
2 1117 585
2 1115 558
