0 1764 1016
0 1730 989
0 1696 962
0 1662 935
0 1627 908
0 1593 881
0 1558 854
0 1523 828
0 1489 801
0 1454 774
0 1419 747
0 1385 720
0 1350 693
0 1315 666
0 1281 639
0 1246 612
0 1211 585
0 1177 558
1 427 1016
1 463 989
1 500 962
1 537 935
1 574 908
1 612 881
1 649 854
1 686 828
1 723 801
1 760 774
1 798 747
1 835 720
1 872 693
1 909 666
1 947 639
1 984 612
1 1021 585
1 1058 558
2 696 1016
2 717 989
2 739 962
2 762 935
2 784 908
2 807 881
2 830 854
2 852 828
2 875 801
2 898 774
2 921 747
2 943 720
2 966 693
2 989 666
2 1012 639
2 1034 612
2 1057 585
2 1079 558
