0 1753 1016
0 1720 989
0 1685 962
0 1651 935
0 1616 908
0 1581 881
0 1546 854
0 1511 828
0 1475 801
0 1440 774
0 1404 747
0 1368 720
0 1332 693
0 1296 666
0 1260 639
0 1223 612
0 1187 585
0 1150 558
1 408 1016
1 444 989
1 480 962
1 516 935
1 552 908
1 589 881
1 625 854
1 662 828
1 698 801
1 735 774
1 771 747
1 808 720
1 844 693
1 881 666
1 917 639
1 954 612
1 990 585
1 1027 558
2 2186 801
2 2083 774
2 1980 747
2 1877 720
2 1774 693
2 1671 666
2 1568 639
2 1464 612
2 1361 585
2 1257 558
3 108 747
3 220 720
3 332 693
3 446 666
3 558 639
3 672 612
3 785 585
3 898 558
