0 458 1016
0 493 989
0 529 962
0 565 935
0 601 908
0 637 881
0 673 854
0 709 828
0 745 801
0 781 774
0 817 747
0 854 720
0 890 693
0 926 666
0 962 639
0 999 612
0 1035 585
0 1071 558
1 1767 1016
1 1732 989
1 1697 962
1 1662 935
1 1627 908
1 1592 881
1 1557 854
1 1522 828
1 1486 801
1 1451 774
1 1415 747
1 1379 720
1 1343 693
1 1307 666
1 1270 639
1 1234 612
1 1196 585
1 1159 558
2 1216 1016
2 1211 989
2 1205 962
2 1199 935
2 1194 908
2 1188 881
2 1182 854
2 1176 828
2 1170 801
2 1165 774
2 1159 747
2 1153 720
2 1147 693
2 1141 666
2 1135 639
2 1130 612
2 1124 585
