0 1817 1016
0 1781 989
0 1744 962
0 1707 935
0 1670 908
0 1633 881
0 1596 854
0 1559 828
0 1522 801
0 1485 774
0 1448 747
0 1411 720
0 1374 693
0 1338 666
0 1302 639
0 1265 612
0 1229 585
0 1193 558
1 2110 774
1 2008 747
1 1906 720
1 1804 693
1 1702 666
1 1600 639
1 1497 612
1 1395 585
1 1292 558
2 417 1016
2 454 989
2 490 962
2 527 935
2 564 908
2 602 881
2 639 854
2 676 828
2 714 801
2 751 774
2 789 747
2 827 720
2 865 693
2 903 666
2 941 639
2 980 612
2 1018 585
2 1057 558
3 112 747
3 230 720
3 348 693
3 467 666
3 585 639
3 704 612
3 824 585
3 942 558
