0 1801 1016
0 1766 989
0 1731 962
0 1695 935
0 1660 908
0 1624 881
0 1589 854
0 1553 828
0 1518 801
0 1482 774
0 1447 747
0 1412 720
0 1376 693
0 1341 666
0 1306 639
0 1271 612
0 1236 585
0 1201 558
1 102 747
1 219 720
1 335 693
1 452 666
1 569 639
1 686 612
1 803 585
1 920 558
2 333 1016
2 374 989
2 416 962
2 458 935
2 500 908
2 542 881
2 585 854
2 627 828
2 669 801
2 712 774
2 754 747
2 797 720
2 839 693
2 882 666
2 924 639
2 967 612
2 1009 585
2 1052 558
3 2128 774
3 2027 747
3 1926 720
3 1824 693
3 1723 666
3 1621 639
3 1520 612
3 1418 585
3 1316 558
