0 1820 1016
0 1784 989
0 1747 962
0 1710 935
0 1672 908
0 1635 881
0 1598 854
0 1560 828
0 1523 801
0 1485 774
0 1448 747
0 1410 720
0 1372 693
0 1335 666
0 1297 639
0 1259 612
0 1222 585
0 1184 558
1 450 1016
1 485 989
1 521 962
1 556 935
1 592 908
1 627 881
1 663 854
1 699 828
1 734 801
1 770 774
1 806 747
1 842 720
1 878 693
1 914 666
1 950 639
1 986 612
1 1023 585
1 1059 558
2 55 908
2 127 881
2 198 854
2 270 828
2 342 801
2 414 774
2 485 747
2 557 720
2 629 693
2 701 666
2 773 639
2 845 612
2 917 585
2 988 558
