0 1842 1016
0 1806 989
0 1768 962
0 1730 935
0 1692 908
0 1654 881
0 1615 854
0 1577 828
0 1538 801
0 1500 774
0 1462 747
0 1423 720
0 1385 693
0 1346 666
0 1308 639
0 1269 612
0 1231 585
0 1193 558
1 459 1016
1 493 989
1 528 962
1 563 935
1 598 908
1 634 881
1 669 854
1 705 828
1 740 801
1 776 774
1 812 747
1 847 720
1 883 693
1 919 666
1 955 639
1 990 612
1 1026 585
1 1061 558
2 57 774
2 167 747
2 278 720
2 389 693
2 501 666
2 613 639
2 725 612
2 838 585
2 950 558
3 63 908
3 135 881
3 207 854
3 278 828
3 350 801
3 422 774
3 494 747
3 566 720
3 638 693
3 710 666
3 781 639
3 853 612
3 925 585
3 996 558
