0 455 1016
0 489 989
0 524 962
0 560 935
0 595 908
0 630 881
0 666 854
0 701 828
0 737 801
0 773 774
0 808 747
0 844 720
0 879 693
0 915 666
0 951 639
0 986 612
0 1022 585
0 1057 558
1 1800 1016
1 1765 989
1 1729 962
1 1692 935
1 1656 908
1 1620 881
1 1584 854
1 1547 828
1 1511 801
1 1475 774
1 1438 747
1 1402 720
1 1365 693
1 1329 666
1 1293 639
1 1256 612
1 1220 585
1 1183 558
2 1172 1016
2 1169 989
2 1166 962
2 1163 935
2 1160 908
2 1156 881
2 1153 854
2 1150 828
2 1146 801
2 1143 774
2 1140 747
2 1137 720
2 1133 693
2 1130 666
2 1127 639
2 1123 612
2 1120 585
2 1116 558
3 60 908
3 133 881
3 205 854
3 277 828
3 350 801
3 422 774
3 494 747
3 567 720
3 639 693
3 712 666
3 784 639
3 856 612
3 928 585
3 1001 558
