0 1801 1016
0 1766 989
0 1730 962
0 1694 935
0 1658 908
0 1622 881
0 1586 854
0 1550 828
0 1514 801
0 1478 774
0 1442 747
0 1406 720
0 1369 693
0 1333 666
0 1297 639
0 1261 612
0 1225 585
0 1189 558
1 373 1016
1 412 989
1 452 962
1 492 935
1 532 908
1 571 881
1 611 854
1 651 828
1 691 801
1 731 774
1 771 747
1 811 720
1 851 693
1 891 666
1 931 639
1 971 612
1 1010 585
1 1050 558
2 10 881
2 90 854
2 169 828
2 249 801
2 329 774
2 408 747
2 488 720
2 567 693
2 647 666
2 726 639
2 806 612
2 886 585
2 965 558
