0 1863 1016
0 1825 989
0 1786 962
0 1746 935
0 1707 908
0 1667 881
0 1628 854
0 1588 828
0 1548 801
0 1509 774
0 1469 747
0 1429 720
0 1390 693
0 1350 666
0 1310 639
0 1270 612
0 1231 585
0 1191 558
1 490 1016
1 522 989
1 555 962
1 589 935
1 622 908
1 655 881
1 689 854
1 723 828
1 756 801
1 790 774
1 823 747
1 857 720
1 890 693
1 924 666
1 958 639
1 991 612
1 1025 585
1 1058 558
2 72 774
2 179 747
2 287 720
2 395 693
2 503 666
2 612 639
2 721 612
2 830 585
2 938 558
3 62 908
3 133 881
3 205 854
3 276 828
3 347 801
3 418 774
3 489 747
3 560 720
3 632 693
3 703 666
3 774 639
3 845 612
3 916 585
3 987 558
