0 323 1016
0 364 989
0 405 962
0 447 935
0 488 908
0 530 881
0 571 854
0 613 828
0 655 801
0 696 774
0 738 747
0 780 720
0 822 693
0 863 666
0 905 639
0 947 612
0 988 585
0 1030 558
1 1778 1016
1 1743 989
1 1708 962
1 1673 935
1 1638 908
1 1603 881
1 1567 854
1 1532 828
1 1496 801
1 1461 774
1 1425 747
1 1389 720
1 1352 693
1 1316 666
1 1279 639
1 1243 612
1 1205 585
1 1168 558
2 97 747
2 211 720
2 325 693
2 439 666
2 553 639
2 668 612
2 782 585
2 897 558
3 2147 828
3 2056 801
3 1965 774
3 1874 747
3 1783 720
3 1692 693
3 1601 666
3 1510 639
3 1419 612
3 1328 585
3 1236 558
