0 410 1016
0 447 989
0 485 962
0 523 935
0 560 908
0 598 881
0 636 854
0 674 828
0 711 801
0 749 774
0 787 747
0 825 720
0 863 693
0 900 666
0 938 639
0 976 612
0 1014 585
0 1051 558
1 1804 1016
1 1769 989
1 1732 962
1 1696 935
1 1660 908
1 1623 881
1 1586 854
1 1550 828
1 1513 801
1 1476 774
1 1438 747
1 1401 720
1 1363 693
1 1326 666
1 1288 639
1 1250 612
1 1212 585
1 1173 558
2 1147 1016
2 1145 989
2 1143 962
2 1142 935
2 1140 908
2 1138 881
2 1135 854
2 1133 828
2 1131 801
2 1129 774
2 1127 747
2 1124 720
2 1122 693
2 1120 666
2 1117 639
2 1115 612
2 1112 585
2 1110 558
3 27 774
3 139 747
3 252 720
3 364 693
3 478 666
3 591 639
3 705 612
3 819 585
3 932 558
