0 468 1016
0 502 989
0 536 962
0 569 935
0 603 908
0 637 881
0 670 854
0 704 828
0 738 801
0 772 774
0 806 747
0 840 720
0 875 693
0 909 666
0 943 639
0 978 612
0 1013 585
0 1048 558
1 1804 1016
1 1770 989
1 1734 962
1 1699 935
1 1663 908
1 1628 881
1 1592 854
1 1556 828
1 1520 801
1 1484 774
1 1448 747
1 1411 720
1 1375 693
1 1338 666
1 1301 639
1 1264 612
1 1227 585
1 1190 558
2 40 908
2 112 881
2 186 854
2 259 828
2 332 801
2 405 774
2 478 747
2 551 720
2 624 693
2 697 666
2 770 639
2 843 612
2 916 585
2 989 558
