0 1806 1016
0 1771 989
0 1735 962
0 1699 935
0 1662 908
0 1625 881
0 1589 854
0 1552 828
0 1515 801
0 1478 774
0 1442 747
0 1405 720
0 1367 693
0 1330 666
0 1293 639
0 1256 612
0 1218 585
0 1181 558
1 416 1016
1 453 989
1 490 962
1 527 935
1 564 908
1 602 881
1 639 854
1 677 828
1 714 801
1 752 774
1 790 747
1 828 720
1 865 693
1 903 666
1 941 639
1 979 612
1 1017 585
1 1054 558
2 10 774
2 125 747
2 241 720
2 357 693
2 474 666
2 591 639
2 708 612
2 825 585
2 942 558
3 18 908
3 94 881
3 169 854
3 245 828
3 321 801
3 396 774
3 472 747
3 548 720
3 624 693
3 699 666
3 775 639
3 851 612
3 926 585
3 1002 558
