0 1776 1016
0 1743 989
0 1709 962
0 1675 935
0 1641 908
0 1607 881
0 1572 854
0 1538 828
0 1503 801
0 1468 774
0 1433 747
0 1397 720
0 1361 693
0 1325 666
0 1289 639
0 1253 612
0 1216 585
0 1179 558
1 330 1016
1 372 989
1 415 962
1 458 935
1 501 908
1 544 881
1 586 854
1 629 828
1 672 801
1 715 774
1 757 747
1 799 720
1 841 693
1 883 666
1 925 639
1 967 612
1 1008 585
1 1048 558
2 36 881
2 113 854
2 190 828
2 267 801
2 344 774
2 421 747
2 498 720
2 575 693
2 652 666
2 729 639
2 806 612
2 883 585
2 960 558
