0 1791 1016
0 1757 989
0 1721 962
0 1685 935
0 1649 908
0 1613 881
0 1577 854
0 1541 828
0 1505 801
0 1469 774
0 1434 747
0 1398 720
0 1363 693
0 1328 666
0 1293 639
0 1258 612
0 1224 585
0 1190 558
1 400 1016
1 438 989
1 476 962
1 515 935
1 553 908
1 592 881
1 630 854
1 669 828
1 708 801
1 746 774
1 785 747
1 824 720
1 863 693
1 902 666
1 940 639
1 979 612
1 1018 585
1 1057 558
2 41 881
2 120 854
2 198 828
2 276 801
2 354 774
2 433 747
2 511 720
2 589 693
2 667 666
2 745 639
2 824 612
2 902 585
2 980 558
