0 1852 1016
0 1814 989
0 1776 962
0 1737 935
0 1698 908
0 1659 881
0 1620 854
0 1581 828
0 1542 801
0 1503 774
0 1463 747
0 1424 720
0 1385 693
0 1346 666
0 1307 639
0 1268 612
0 1228 585
0 1189 558
1 466 1016
1 499 989
1 534 962
1 568 935
1 603 908
1 637 881
1 672 854
1 707 828
1 742 801
1 776 774
1 811 747
1 846 720
1 881 693
1 916 666
1 951 639
1 985 612
1 1020 585
1 1054 558
2 55 774
2 162 747
2 270 720
2 377 693
2 485 666
2 593 639
2 702 612
2 810 585
2 919 558
3 51 908
3 123 881
3 194 854
3 265 828
3 336 801
3 408 774
3 479 747
3 550 720
3 622 693
3 693 666
3 764 639
3 836 612
3 907 585
3 978 558
