0 1785 1016
0 1750 989
0 1715 962
0 1679 935
0 1644 908
0 1608 881
0 1572 854
0 1536 828
0 1500 801
0 1464 774
0 1428 747
0 1392 720
0 1356 693
0 1320 666
0 1284 639
0 1248 612
0 1212 585
0 1176 558
1 391 1016
1 428 989
1 467 962
1 505 935
1 544 908
1 583 881
1 621 854
1 660 828
1 699 801
1 738 774
1 777 747
1 816 720
1 855 693
1 894 666
1 933 639
1 972 612
1 1011 585
1 1049 558
2 31 908
2 105 881
2 178 854
2 252 828
2 325 801
2 399 774
2 473 747
2 546 720
2 620 693
2 693 666
2 767 639
2 841 612
2 914 585
2 988 558
