0 1795 1016
0 1760 989
0 1724 962
0 1688 935
0 1652 908
0 1616 881
0 1580 854
0 1544 828
0 1508 801
0 1472 774
0 1436 747
0 1400 720
0 1364 693
0 1327 666
0 1291 639
0 1255 612
0 1219 585
0 1182 558
1 388 1016
1 426 989
1 464 962
1 503 935
1 541 908
1 580 881
1 619 854
1 658 828
1 697 801
1 735 774
1 774 747
1 813 720
1 852 693
1 891 666
1 930 639
1 969 612
1 1008 585
1 1046 558
2 75 854
2 157 828
2 238 801
2 320 774
2 401 747
2 483 720
2 564 693
2 646 666
2 727 639
2 809 612
2 891 585
2 972 558
