0 360 1016
0 401 989
0 442 962
0 482 935
0 523 908
0 565 881
0 606 854
0 647 828
0 688 801
0 729 774
0 770 747
0 811 720
0 852 693
0 893 666
0 934 639
0 975 612
0 1016 585
0 1057 558
1 1792 1016
1 1757 989
1 1722 962
1 1686 935
1 1650 908
1 1615 881
1 1579 854
1 1543 828
1 1507 801
1 1471 774
1 1435 747
1 1399 720
1 1363 693
1 1326 666
1 1290 639
1 1253 612
1 1217 585
1 1180 558
2 1084 1016
2 1086 989
2 1087 962
2 1089 935
2 1090 908
2 1092 881
2 1094 854
2 1095 828
2 1097 801
2 1099 774
2 1100 747
2 1102 720
2 1103 693
2 1105 666
2 1106 639
2 1108 612
2 1109 585
2 1111 558
