0 1770 1016
0 1737 989
0 1703 962
0 1669 935
0 1635 908
0 1601 881
0 1567 854
0 1532 828
0 1498 801
0 1464 774
0 1429 747
0 1395 720
0 1361 693
0 1327 666
0 1292 639
0 1258 612
0 1224 585
0 1190 558
1 366 1016
1 406 989
1 447 962
1 488 935
1 529 908
1 570 881
1 611 854
1 652 828
1 693 801
1 734 774
1 775 747
1 817 720
1 858 693
1 900 666
1 941 639
1 983 612
1 1025 585
1 1067 558
2 33 881
2 113 854
2 194 828
2 275 801
2 356 774
2 437 747
2 518 720
2 599 693
2 680 666
2 761 639
2 842 612
2 922 585
2 1003 558
