0 1758 1016
0 1725 989
0 1691 962
0 1657 935
0 1622 908
0 1588 881
0 1554 854
0 1519 828
0 1485 801
0 1450 774
0 1415 747
0 1380 720
0 1345 693
0 1309 666
0 1274 639
0 1238 612
0 1202 585
0 1165 558
1 330 1016
1 369 989
1 410 962
1 450 935
1 491 908
1 532 881
1 573 854
1 615 828
1 656 801
1 697 774
1 738 747
1 780 720
1 821 693
1 862 666
1 903 639
1 945 612
1 985 585
1 1026 558
2 97 747
2 208 720
2 320 693
2 432 666
2 544 639
2 656 612
2 769 585
2 881 558
3 2111 774
3 2007 747
3 1903 720
3 1798 693
3 1694 666
3 1590 639
3 1485 612
3 1381 585
3 1276 558
