0 404 1016
0 442 989
0 480 962
0 518 935
0 556 908
0 594 881
0 632 854
0 670 828
0 708 801
0 746 774
0 784 747
0 822 720
0 860 693
0 898 666
0 935 639
0 973 612
0 1010 585
0 1047 558
1 1825 1016
1 1790 989
1 1753 962
1 1716 935
1 1679 908
1 1642 881
1 1604 854
1 1567 828
1 1529 801
1 1492 774
1 1454 747
1 1416 720
1 1377 693
1 1338 666
1 1300 639
1 1261 612
1 1222 585
1 1182 558
2 40 881
2 117 854
2 195 828
2 272 801
2 350 774
2 427 747
2 505 720
2 582 693
2 659 666
2 737 639
2 814 612
2 891 585
2 969 558
