0 451 1016
0 486 989
0 521 962
0 556 935
0 592 908
0 627 881
0 662 854
0 697 828
0 733 801
0 768 774
0 803 747
0 838 720
0 874 693
0 909 666
0 944 639
0 979 612
0 1014 585
0 1049 558
1 1849 1016
1 1812 989
1 1773 962
1 1734 935
1 1694 908
1 1655 881
1 1616 854
1 1576 828
1 1536 801
1 1497 774
1 1457 747
1 1418 720
1 1378 693
1 1338 666
1 1298 639
1 1259 612
1 1219 585
1 1180 558
2 82 774
2 186 747
2 290 720
2 395 693
2 500 666
2 606 639
2 712 612
2 818 585
2 923 558
3 30 908
3 103 881
3 176 854
3 249 828
3 322 801
3 395 774
3 468 747
3 541 720
3 614 693
3 687 666
3 761 639
3 834 612
3 906 585
3 979 558
