0 1793 1016
0 1758 989
0 1722 962
0 1686 935
0 1651 908
0 1615 881
0 1579 854
0 1543 828
0 1507 801
0 1471 774
0 1436 747
0 1400 720
0 1365 693
0 1330 666
0 1295 639
0 1260 612
0 1225 585
0 1191 558
1 410 1016
1 446 989
1 483 962
1 520 935
1 556 908
1 593 881
1 630 854
1 667 828
1 704 801
1 742 774
1 779 747
1 816 720
1 854 693
1 891 666
1 929 639
1 967 612
1 1004 585
1 1043 558
2 49 881
2 125 854
2 201 828
2 277 801
2 353 774
2 429 747
2 505 720
2 581 693
2 657 666
2 733 639
2 809 612
2 885 585
2 960 558
