0 1839 1016
0 1803 989
0 1765 962
0 1727 935
0 1688 908
0 1650 881
0 1611 854
0 1573 828
0 1534 801
0 1496 774
0 1457 747
0 1419 720
0 1380 693
0 1342 666
0 1303 639
0 1264 612
0 1226 585
0 1188 558
1 423 1016
1 461 989
1 498 962
1 536 935
1 573 908
1 611 881
1 648 854
1 686 828
1 724 801
1 761 774
1 799 747
1 837 720
1 874 693
1 912 666
1 950 639
1 987 612
1 1025 585
1 1063 558
2 44 774
2 155 747
2 267 720
2 379 693
2 492 666
2 604 639
2 718 612
2 831 585
2 944 558
3 22 908
3 97 881
3 171 854
3 246 828
3 321 801
3 396 774
3 471 747
3 546 720
3 621 693
3 696 666
3 771 639
3 846 612
3 921 585
3 995 558
