0 1859 1016
0 1821 989
0 1782 962
0 1743 935
0 1704 908
0 1664 881
0 1625 854
0 1586 828
0 1546 801
0 1507 774
0 1468 747
0 1428 720
0 1389 693
0 1349 666
0 1310 639
0 1271 612
0 1232 585
0 1193 558
1 488 1016
1 520 989
1 553 962
1 586 935
1 619 908
1 652 881
1 686 854
1 719 828
1 753 801
1 786 774
1 819 747
1 853 720
1 886 693
1 920 666
1 953 639
1 987 612
1 1020 585
1 1053 558
2 62 774
2 168 747
2 275 720
2 382 693
2 489 666
2 596 639
2 704 612
2 812 585
2 919 558
3 10 935
3 79 908
3 148 881
3 217 854
3 286 828
3 355 801
3 425 774
3 494 747
3 563 720
3 632 693
3 701 666
3 771 639
3 840 612
3 909 585
3 978 558
