0 1904 1016
0 1863 989
0 1821 962
0 1779 935
0 1737 908
0 1695 881
0 1652 854
0 1610 828
0 1567 801
0 1524 774
0 1481 747
0 1438 720
0 1396 693
0 1352 666
0 1309 639
0 1266 612
0 1223 585
0 1179 558
1 505 1016
1 536 989
1 568 962
1 601 935
1 634 908
1 667 881
1 700 854
1 733 828
1 767 801
1 800 774
1 833 747
1 867 720
1 900 693
1 933 666
1 966 639
1 1000 612
1 1032 585
1 1065 558
2 21 908
2 96 881
2 172 854
2 247 828
2 322 801
2 398 774
2 473 747
2 549 720
2 624 693
2 700 666
2 775 639
2 851 612
2 926 585
2 1002 558
