0 1788 1016
0 1754 989
0 1718 962
0 1683 935
0 1647 908
0 1612 881
0 1576 854
0 1540 828
0 1505 801
0 1469 774
0 1433 747
0 1397 720
0 1362 693
0 1326 666
0 1290 639
0 1254 612
0 1219 585
0 1183 558
1 429 1016
1 465 989
1 502 962
1 538 935
1 574 908
1 610 881
1 647 854
1 683 828
1 720 801
1 756 774
1 793 747
1 829 720
1 866 693
1 903 666
1 940 639
1 977 612
1 1014 585
1 1051 558
2 10 908
2 85 881
2 160 854
2 235 828
2 309 801
2 384 774
2 459 747
2 534 720
2 609 693
2 683 666
2 758 639
2 833 612
2 908 585
2 983 558
