0 1749 1016
0 1717 989
0 1683 962
0 1650 935
0 1616 908
0 1582 881
0 1548 854
0 1514 828
0 1480 801
0 1446 774
0 1412 747
0 1378 720
0 1344 693
0 1310 666
0 1276 639
0 1242 612
0 1208 585
0 1174 558
1 341 1016
1 381 989
1 423 962
1 464 935
1 506 908
1 548 881
1 590 854
1 632 828
1 674 801
1 717 774
1 759 747
1 801 720
1 844 693
1 886 666
1 928 639
1 971 612
1 1013 585
1 1055 558
2 57 881
2 136 854
2 215 828
2 295 801
2 374 774
2 453 747
2 532 720
2 611 693
2 690 666
2 769 639
2 848 612
2 927 585
2 1006 558
