0 377 1016
0 417 989
0 457 962
0 497 935
0 537 908
0 577 881
0 617 854
0 657 828
0 697 801
0 737 774
0 776 747
0 816 720
0 855 693
0 895 666
0 934 639
0 973 612
0 1012 585
0 1051 558
1 1796 1016
1 1761 989
1 1726 962
1 1691 935
1 1656 908
1 1620 881
1 1585 854
1 1549 828
1 1513 801
1 1477 774
1 1440 747
1 1404 720
1 1367 693
1 1329 666
1 1292 639
1 1254 612
1 1216 585
1 1177 558
2 34 881
2 113 854
2 191 828
2 270 801
2 348 774
2 427 747
2 505 720
2 584 693
2 662 666
2 741 639
2 819 612
2 898 585
2 976 558
3 19 774
3 131 747
3 243 720
3 355 693
3 468 666
3 582 639
3 695 612
3 809 585
3 923 558
