0 1809 1016
0 1773 989
0 1737 962
0 1700 935
0 1663 908
0 1627 881
0 1590 854
0 1553 828
0 1516 801
0 1479 774
0 1442 747
0 1405 720
0 1369 693
0 1332 666
0 1295 639
0 1258 612
0 1221 585
0 1184 558
1 27 881
1 105 854
1 182 828
1 260 801
1 338 774
1 416 747
1 493 720
1 571 693
1 649 666
1 726 639
1 804 612
1 882 585
1 959 558
2 399 1016
2 436 989
2 474 962
2 511 935
2 549 908
2 586 881
2 624 854
2 662 828
2 699 801
2 737 774
2 775 747
2 812 720
2 850 693
2 888 666
2 925 639
2 963 612
2 1001 585
2 1038 558
3 1073 1016
3 1075 989
3 1077 962
3 1080 935
3 1081 908
3 1083 881
3 1085 854
3 1087 828
3 1089 801
3 1091 774
3 1093 747
3 1095 720
3 1097 693
3 1099 666
3 1101 639
3 1102 612
3 1104 585
3 1106 558
