0 359 1016
0 398 989
0 438 962
0 478 935
0 518 908
0 558 881
0 599 854
0 639 828
0 680 801
0 720 774
0 760 747
0 801 720
0 841 693
0 882 666
0 922 639
0 963 612
0 1003 585
0 1043 558
1 1770 1016
1 1737 989
1 1702 962
1 1668 935
1 1633 908
1 1598 881
1 1563 854
1 1528 828
1 1493 801
1 1458 774
1 1422 747
1 1387 720
1 1352 693
1 1316 666
1 1281 639
1 1245 612
1 1209 585
1 1174 558
2 17 774
2 130 747
2 243 720
2 357 693
2 471 666
2 585 639
2 700 612
2 815 585
2 929 558
3 61 881
3 137 854
3 214 828
3 290 801
3 366 774
3 443 747
3 519 720
3 596 693
3 672 666
3 748 639
3 825 612
3 901 585
3 977 558
