0 1748 1016
0 1715 989
0 1682 962
0 1649 935
0 1615 908
0 1581 881
0 1548 854
0 1514 828
0 1481 801
0 1447 774
0 1413 747
0 1379 720
0 1346 693
0 1312 666
0 1278 639
0 1245 612
0 1211 585
0 1178 558
1 413 1016
1 449 989
1 485 962
1 521 935
1 557 908
1 593 881
1 630 854
1 667 828
1 703 801
1 740 774
1 777 747
1 814 720
1 852 693
1 889 666
1 927 639
1 964 612
1 1002 585
1 1040 558
2 17 908
2 90 881
2 163 854
2 237 828
2 310 801
2 384 774
2 458 747
2 531 720
2 605 693
2 678 666
2 752 639
2 825 612
2 899 585
2 972 558
