0 390 1016
0 429 989
0 468 962
0 507 935
0 546 908
0 585 881
0 624 854
0 664 828
0 703 801
0 742 774
0 782 747
0 821 720
0 860 693
0 900 666
0 939 639
0 978 612
0 1017 585
0 1056 558
1 1804 1016
1 1769 989
1 1733 962
1 1697 935
1 1661 908
1 1625 881
1 1589 854
1 1553 828
1 1516 801
1 1480 774
1 1443 747
1 1406 720
1 1369 693
1 1332 666
1 1295 639
1 1257 612
1 1220 585
1 1182 558
2 37 774
2 149 747
2 262 720
2 375 693
2 488 666
2 601 639
2 715 612
2 829 585
2 942 558
3 1136 1016
3 1135 989
3 1133 962
3 1132 935
3 1130 908
3 1129 881
3 1128 854
3 1126 828
3 1125 801
3 1123 774
3 1122 747
3 1120 720
3 1119 693
3 1117 666
3 1116 639
3 1114 612
3 1112 585
3 1111 558
