0 1767 1016
0 1733 989
0 1698 962
0 1663 935
0 1628 908
0 1593 881
0 1558 854
0 1523 828
0 1487 801
0 1452 774
0 1416 747
0 1380 720
0 1345 693
0 1309 666
0 1272 639
0 1236 612
0 1200 585
0 1163 558
1 329 1016
1 371 989
1 414 962
1 456 935
1 499 908
1 541 881
1 584 854
1 626 828
1 669 801
1 711 774
1 753 747
1 795 720
1 837 693
1 879 666
1 921 639
1 962 612
1 1003 585
1 1044 558
2 48 881
2 125 854
2 203 828
2 281 801
2 359 774
2 437 747
2 515 720
2 592 693
2 670 666
2 748 639
2 826 612
2 904 585
2 982 558
