0 1855 1016
0 1817 989
0 1779 962
0 1740 935
0 1701 908
0 1662 881
0 1623 854
0 1584 828
0 1545 801
0 1506 774
0 1467 747
0 1428 720
0 1388 693
0 1349 666
0 1310 639
0 1271 612
0 1232 585
0 1193 558
1 476 1016
1 509 989
1 543 962
1 577 935
1 611 908
1 645 881
1 679 854
1 713 828
1 747 801
1 781 774
1 816 747
1 850 720
1 884 693
1 918 666
1 952 639
1 987 612
1 1021 585
1 1055 558
2 44 774
2 153 747
2 262 720
2 371 693
2 481 666
2 591 639
2 701 612
2 811 585
2 921 558
3 9 908
3 83 881
3 157 854
3 231 828
3 305 801
3 379 774
3 453 747
3 527 720
3 601 693
3 675 666
3 749 639
3 824 612
3 898 585
3 971 558
