0 1822 1016
0 1786 989
0 1749 962
0 1712 935
0 1674 908
0 1637 881
0 1599 854
0 1562 828
0 1524 801
0 1486 774
0 1448 747
0 1410 720
0 1372 693
0 1333 666
0 1295 639
0 1257 612
0 1218 585
0 1179 558
1 474 1016
1 507 989
1 541 962
1 574 935
1 608 908
1 641 881
1 675 854
1 709 828
1 743 801
1 777 774
1 811 747
1 846 720
1 880 693
1 915 666
1 950 639
1 985 612
1 1020 585
1 1055 558
2 4 935
2 76 908
2 147 881
2 219 854
2 291 828
2 363 801
2 435 774
2 507 747
2 579 720
2 651 693
2 723 666
2 795 639
2 866 612
2 938 585
2 1010 558
