0 1848 1016
0 1810 989
0 1772 962
0 1733 935
0 1694 908
0 1655 881
0 1615 854
0 1576 828
0 1537 801
0 1498 774
0 1458 747
0 1419 720
0 1380 693
0 1340 666
0 1301 639
0 1262 612
0 1223 585
0 1184 558
1 462 1016
1 495 989
1 529 962
1 563 935
1 598 908
1 633 881
1 669 854
1 704 828
1 739 801
1 774 774
1 810 747
1 845 720
1 880 693
1 916 666
1 951 639
1 986 612
1 1021 585
1 1055 558
2 59 774
2 168 747
2 277 720
2 386 693
2 497 666
2 607 639
2 717 612
2 828 585
2 939 558
3 66 908
3 136 881
3 207 854
3 277 828
3 348 801
3 419 774
3 489 747
3 560 720
3 630 693
3 701 666
3 772 639
3 842 612
3 913 585
3 983 558
