0 1791 1016
0 1757 989
0 1722 962
0 1688 935
0 1652 908
0 1617 881
0 1582 854
0 1546 828
0 1511 801
0 1475 774
0 1439 747
0 1403 720
0 1367 693
0 1330 666
0 1294 639
0 1257 612
0 1220 585
0 1183 558
1 415 1016
1 452 989
1 489 962
1 526 935
1 563 908
1 600 881
1 637 854
1 674 828
1 712 801
1 749 774
1 787 747
1 824 720
1 862 693
1 899 666
1 937 639
1 975 612
1 1012 585
1 1050 558
2 1136 1016
2 1135 989
2 1134 962
2 1133 935
2 1132 908
2 1132 881
2 1130 854
2 1129 828
2 1128 801
2 1127 774
2 1126 747
2 1125 720
2 1124 693
2 1123 666
2 1122 639
2 1120 612
2 1119 585
2 1118 558
3 6 774
3 121 747
3 237 720
3 352 693
3 469 666
3 585 639
3 701 612
3 818 585
3 935 558
