0 1806 1016
0 1770 989
0 1734 962
0 1698 935
0 1662 908
0 1625 881
0 1589 854
0 1553 828
0 1516 801
0 1480 774
0 1443 747
0 1407 720
0 1370 693
0 1334 666
0 1298 639
0 1261 612
0 1225 585
0 1188 558
1 403 1016
1 440 989
1 477 962
1 515 935
1 553 908
1 591 881
1 629 854
1 667 828
1 705 801
1 744 774
1 782 747
1 820 720
1 858 693
1 897 666
1 935 639
1 973 612
1 1011 585
1 1049 558
2 25 774
2 138 747
2 251 720
2 364 693
2 477 666
2 591 639
2 704 612
2 818 585
2 932 558
3 1138 1016
3 1138 989
3 1138 962
3 1137 935
3 1137 908
3 1136 881
3 1135 854
3 1134 828
3 1133 801
3 1132 774
3 1131 747
3 1130 720
3 1129 693
3 1128 666
3 1127 639
3 1126 612
3 1124 585
3 1123 558
