0 342 1016
0 382 989
0 423 962
0 464 935
0 505 908
0 545 881
0 586 854
0 627 828
0 668 801
0 710 774
0 751 747
0 792 720
0 833 693
0 874 666
0 915 639
0 956 612
0 997 585
0 1038 558
1 1753 1016
1 1719 989
1 1685 962
1 1651 935
1 1616 908
1 1581 881
1 1547 854
1 1512 828
1 1477 801
1 1442 774
1 1408 747
1 1373 720
1 1338 693
1 1303 666
1 1268 639
1 1233 612
1 1198 585
1 1164 558
2 35 881
2 113 854
2 191 828
2 269 801
2 348 774
2 426 747
2 504 720
2 582 693
2 661 666
2 739 639
2 817 612
2 895 585
2 974 558
