0 1966 1016
0 1922 989
0 1878 962
0 1833 935
0 1788 908
0 1743 881
0 1698 854
0 1652 828
0 1607 801
0 1561 774
0 1516 747
0 1470 720
0 1424 693
0 1378 666
0 1332 639
0 1286 612
0 1240 585
0 1193 558
1 516 1016
1 547 989
1 578 962
1 610 935
1 641 908
1 673 881
1 704 854
1 736 828
1 767 801
1 799 774
1 830 747
1 861 720
1 893 693
1 924 666
1 956 639
1 987 612
1 1018 585
1 1049 558
2 9 801
2 109 774
2 210 747
2 310 720
2 411 693
2 513 666
2 614 639
2 716 612
2 818 585
2 920 558
3 53 908
3 123 881
3 193 854
3 262 828
3 332 801
3 402 774
3 472 747
3 542 720
3 611 693
3 681 666
3 751 639
3 821 612
3 890 585
3 960 558
