0 1794 1016
0 1759 989
0 1723 962
0 1687 935
0 1651 908
0 1615 881
0 1579 854
0 1543 828
0 1507 801
0 1470 774
0 1434 747
0 1397 720
0 1361 693
0 1324 666
0 1287 639
0 1250 612
0 1213 585
0 1176 558
1 432 1016
1 468 989
1 505 962
1 541 935
1 578 908
1 614 881
1 651 854
1 688 828
1 725 801
1 761 774
1 798 747
1 835 720
1 872 693
1 908 666
1 945 639
1 982 612
1 1019 585
1 1056 558
2 56 881
2 134 854
2 213 828
2 291 801
2 370 774
2 448 747
2 527 720
2 605 693
2 684 666
2 762 639
2 841 612
2 919 585
2 998 558
