0 1865 1016
0 1827 989
0 1788 962
0 1748 935
0 1709 908
0 1669 881
0 1630 854
0 1590 828
0 1550 801
0 1510 774
0 1470 747
0 1430 720
0 1390 693
0 1350 666
0 1310 639
0 1270 612
0 1230 585
0 1189 558
1 448 1016
1 484 989
1 521 962
1 558 935
1 595 908
1 632 881
1 669 854
1 706 828
1 743 801
1 780 774
1 817 747
1 854 720
1 891 693
1 928 666
1 965 639
1 1002 612
1 1039 585
1 1076 558
2 1221 1016
2 1216 989
2 1212 962
2 1207 935
2 1202 908
2 1196 881
2 1191 854
2 1185 828
2 1180 801
2 1174 774
2 1169 747
2 1163 720
2 1158 693
2 1152 666
2 1147 639
2 1141 612
2 1135 585
