0 1832 1016
0 1795 989
0 1757 962
0 1719 935
0 1681 908
0 1643 881
0 1605 854
0 1567 828
0 1529 801
0 1490 774
0 1452 747
0 1413 720
0 1375 693
0 1336 666
0 1298 639
0 1259 612
0 1220 585
0 1181 558
1 450 1016
1 485 989
1 520 962
1 555 935
1 590 908
1 625 881
1 660 854
1 696 828
1 731 801
1 766 774
1 802 747
1 837 720
1 873 693
1 909 666
1 944 639
1 980 612
1 1016 585
1 1052 558
2 0 935
2 72 908
2 144 881
2 215 854
2 287 828
2 359 801
2 431 774
2 503 747
2 574 720
2 646 693
2 718 666
2 790 639
2 862 612
2 933 585
2 1005 558
