0 436 1016
0 472 989
0 508 962
0 545 935
0 581 908
0 617 881
0 654 854
0 690 828
0 726 801
0 762 774
0 799 747
0 835 720
0 871 693
0 907 666
0 943 639
0 979 612
0 1015 585
0 1051 558
1 1838 1016
1 1803 989
1 1766 962
1 1729 935
1 1692 908
1 1655 881
1 1618 854
1 1581 828
1 1543 801
1 1506 774
1 1468 747
1 1430 720
1 1391 693
1 1353 666
1 1314 639
1 1275 612
1 1236 585
1 1197 558
2 41 908
2 112 881
2 183 854
2 255 828
2 327 801
2 398 774
2 470 747
2 541 720
2 613 693
2 685 666
2 756 639
2 828 612
2 899 585
2 970 558
