0 1810 1016
0 1774 989
0 1738 962
0 1701 935
0 1664 908
0 1628 881
0 1591 854
0 1554 828
0 1517 801
0 1480 774
0 1443 747
0 1406 720
0 1369 693
0 1332 666
0 1295 639
0 1258 612
0 1222 585
0 1185 558
1 399 1016
1 437 989
1 475 962
1 514 935
1 553 908
1 591 881
1 630 854
1 669 828
1 708 801
1 747 774
1 786 747
1 825 720
1 864 693
1 903 666
1 942 639
1 980 612
1 1019 585
1 1058 558
2 28 908
2 101 881
2 174 854
2 248 828
2 321 801
2 394 774
2 467 747
2 540 720
2 614 693
2 687 666
2 760 639
2 833 612
2 906 585
2 979 558
