0 442 1016
0 479 989
0 516 962
0 552 935
0 589 908
0 625 881
0 662 854
0 698 828
0 734 801
0 771 774
0 807 747
0 844 720
0 880 693
0 916 666
0 952 639
0 988 612
0 1024 585
0 1059 558
1 1843 1016
1 1806 989
1 1768 962
1 1730 935
1 1691 908
1 1652 881
1 1613 854
1 1574 828
1 1535 801
1 1496 774
1 1457 747
1 1418 720
1 1379 693
1 1340 666
1 1301 639
1 1262 612
1 1223 585
1 1184 558
2 75 774
2 183 747
2 291 720
2 400 693
2 509 666
2 617 639
2 727 612
2 836 585
2 945 558
3 1141 1016
3 1139 989
3 1138 962
3 1136 935
3 1135 908
3 1134 881
3 1133 854
3 1131 828
3 1130 801
3 1129 774
3 1127 747
3 1126 720
3 1125 693
3 1124 666
3 1122 639
3 1121 612
3 1119 585
3 1117 558
