0 412 1016
0 449 989
0 487 962
0 525 935
0 563 908
0 601 881
0 639 854
0 677 828
0 715 801
0 753 774
0 791 747
0 830 720
0 868 693
0 906 666
0 944 639
0 982 612
0 1019 585
0 1057 558
1 1820 1016
1 1784 989
1 1747 962
1 1709 935
1 1672 908
1 1634 881
1 1596 854
1 1558 828
1 1520 801
1 1482 774
1 1444 747
1 1406 720
1 1367 693
1 1328 666
1 1290 639
1 1251 612
1 1212 585
1 1173 558
2 15 908
2 90 881
2 166 854
2 241 828
2 316 801
2 391 774
2 466 747
2 542 720
2 617 693
2 692 666
2 767 639
2 842 612
2 918 585
2 993 558
