0 1759 1016
0 1725 989
0 1691 962
0 1657 935
0 1623 908
0 1588 881
0 1554 854
0 1519 828
0 1485 801
0 1450 774
0 1416 747
0 1381 720
0 1346 693
0 1312 666
0 1277 639
0 1243 612
0 1208 585
0 1174 558
1 339 1016
1 380 989
1 422 962
1 463 935
1 505 908
1 547 881
1 588 854
1 630 828
1 672 801
1 714 774
1 756 747
1 798 720
1 839 693
1 881 666
1 923 639
1 965 612
1 1007 585
1 1048 558
2 5 881
2 85 854
2 166 828
2 247 801
2 327 774
2 408 747
2 488 720
2 569 693
2 650 666
2 730 639
2 811 612
2 892 585
2 972 558
