0 1756 1016
0 1724 989
0 1690 962
0 1657 935
0 1623 908
0 1590 881
0 1556 854
0 1522 828
0 1489 801
0 1455 774
0 1421 747
0 1387 720
0 1354 693
0 1320 666
0 1286 639
0 1252 612
0 1219 585
0 1185 558
1 417 1016
1 453 989
1 490 962
1 527 935
1 564 908
1 602 881
1 639 854
1 677 828
1 715 801
1 752 774
1 790 747
1 828 720
1 866 693
1 905 666
1 943 639
1 981 612
1 1020 585
1 1059 558
2 73 881
2 149 854
2 224 828
2 300 801
2 376 774
2 452 747
2 527 720
2 603 693
2 679 666
2 755 639
2 831 612
2 907 585
2 982 558
