0 1791 1016
0 1756 989
0 1720 962
0 1685 935
0 1649 908
0 1613 881
0 1577 854
0 1541 828
0 1505 801
0 1469 774
0 1433 747
0 1397 720
0 1361 693
0 1325 666
0 1289 639
0 1253 612
0 1217 585
0 1181 558
1 384 1016
1 422 989
1 461 962
1 500 935
1 540 908
1 579 881
1 619 854
1 658 828
1 698 801
1 737 774
1 777 747
1 816 720
1 856 693
1 895 666
1 935 639
1 974 612
1 1013 585
1 1053 558
2 31 908
2 104 881
2 178 854
2 251 828
2 325 801
2 399 774
2 472 747
2 546 720
2 619 693
2 693 666
2 767 639
2 840 612
2 914 585
2 987 558
3 43 774
3 154 747
3 265 720
3 376 693
3 488 666
3 600 639
3 712 612
3 825 585
3 937 558
