0 1804 1016
0 1769 989
0 1733 962
0 1697 935
0 1660 908
0 1624 881
0 1587 854
0 1551 828
0 1514 801
0 1477 774
0 1440 747
0 1403 720
0 1366 693
0 1329 666
0 1292 639
0 1255 612
0 1218 585
0 1181 558
1 377 1016
1 415 989
1 455 962
1 494 935
1 534 908
1 573 881
1 613 854
1 653 828
1 693 801
1 732 774
1 772 747
1 812 720
1 852 693
1 892 666
1 932 639
1 971 612
1 1011 585
1 1051 558
2 8 774
2 123 747
2 238 720
2 353 693
2 468 666
2 584 639
2 700 612
2 816 585
2 931 558
3 2146 774
3 2039 747
3 1932 720
3 1824 693
3 1717 666
3 1610 639
3 1502 612
3 1395 585
3 1287 558
