0 1921 1016
0 1880 989
0 1837 962
0 1795 935
0 1752 908
0 1710 881
0 1667 854
0 1624 828
0 1581 801
0 1538 774
0 1495 747
0 1451 720
0 1408 693
0 1364 666
0 1321 639
0 1277 612
0 1233 585
0 1189 558
1 478 1016
1 512 989
1 546 962
1 580 935
1 614 908
1 648 881
1 682 854
1 716 828
1 750 801
1 784 774
1 817 747
1 851 720
1 885 693
1 919 666
1 953 639
1 986 612
1 1020 585
1 1054 558
2 85 774
2 191 747
2 296 720
2 401 693
2 507 666
2 613 639
2 719 612
2 825 585
2 931 558
3 2191 801
3 2090 774
3 1990 747
3 1890 720
3 1790 693
3 1689 666
3 1589 639
3 1489 612
3 1388 585
3 1287 558
