0 1838 1016
0 1802 989
0 1764 962
0 1726 935
0 1688 908
0 1650 881
0 1612 854
0 1573 828
0 1535 801
0 1496 774
0 1457 747
0 1418 720
0 1379 693
0 1340 666
0 1301 639
0 1262 612
0 1222 585
0 1182 558
1 1222 1016
1 1217 989
1 1212 962
1 1206 935
1 1201 908
1 1195 881
1 1189 854
1 1183 828
1 1177 801
1 1172 774
1 1166 747
1 1160 720
1 1154 693
1 1148 666
1 1142 639
1 1135 612
1 1129 585
1 1123 558
2 477 1016
2 511 989
2 544 962
2 578 935
2 612 908
2 646 881
2 680 854
2 714 828
2 748 801
2 783 774
2 817 747
2 851 720
2 885 693
2 919 666
2 954 639
2 988 612
2 1022 585
2 1056 558
