0 1846 1016
0 1808 989
0 1770 962
0 1731 935
0 1692 908
0 1653 881
0 1614 854
0 1575 828
0 1536 801
0 1498 774
0 1459 747
0 1420 720
0 1381 693
0 1342 666
0 1303 639
0 1265 612
0 1226 585
0 1188 558
1 433 1016
1 469 989
1 505 962
1 542 935
1 578 908
1 615 881
1 652 854
1 689 828
1 726 801
1 763 774
1 800 747
1 837 720
1 874 693
1 912 666
1 949 639
1 986 612
1 1024 585
1 1061 558
2 50 881
2 130 854
2 209 828
2 289 801
2 369 774
2 448 747
2 528 720
2 608 693
2 687 666
2 767 639
2 846 612
2 926 585
2 1005 558
