0 420 1016
0 456 989
0 493 962
0 530 935
0 567 908
0 604 881
0 641 854
0 679 828
0 716 801
0 753 774
0 790 747
0 828 720
0 865 693
0 902 666
0 939 639
0 976 612
0 1013 585
0 1051 558
1 1817 1016
1 1781 989
1 1745 962
1 1708 935
1 1671 908
1 1634 881
1 1596 854
1 1559 828
1 1521 801
1 1484 774
1 1446 747
1 1408 720
1 1370 693
1 1332 666
1 1294 639
1 1256 612
1 1218 585
1 1179 558
2 21 908
2 94 881
2 167 854
2 240 828
2 314 801
2 387 774
2 460 747
2 534 720
2 607 693
2 680 666
2 753 639
2 827 612
2 900 585
2 973 558
