0 1835 1016
0 1799 989
0 1761 962
0 1723 935
0 1685 908
0 1647 881
0 1609 854
0 1570 828
0 1532 801
0 1494 774
0 1455 747
0 1416 720
0 1377 693
0 1338 666
0 1299 639
0 1260 612
0 1220 585
0 1181 558
1 413 1016
1 450 989
1 488 962
1 525 935
1 563 908
1 601 881
1 639 854
1 677 828
1 715 801
1 753 774
1 791 747
1 829 720
1 866 693
1 904 666
1 942 639
1 980 612
1 1018 585
1 1055 558
2 13 774
2 128 747
2 244 720
2 360 693
2 476 666
2 593 639
2 709 612
2 826 585
2 943 558
3 1220 1016
3 1214 989
3 1208 962
3 1203 935
3 1197 908
3 1191 881
3 1185 854
3 1179 828
3 1173 801
3 1167 774
3 1160 747
3 1154 720
3 1148 693
3 1142 666
3 1136 639
3 1130 612
3 1124 585
3 1118 558
