0 227 1016
0 275 989
0 324 962
0 373 935
0 421 908
0 470 881
0 519 854
0 567 828
0 616 801
0 665 774
0 714 747
0 762 720
0 811 693
0 860 666
0 909 639
0 957 612
0 1006 585
0 1055 558
1 1683 1016
1 1654 989
1 1624 962
1 1594 935
1 1564 908
1 1534 881
1 1504 854
1 1473 828
1 1443 801
1 1413 774
1 1383 747
1 1354 720
1 1324 693
1 1294 666
1 1265 639
1 1236 612
1 1207 585
1 1178 558
2 64 854
2 148 828
2 232 801
2 316 774
2 400 747
2 483 720
2 567 693
2 651 666
2 735 639
2 818 612
2 902 585
2 986 558
