0 359 1016
0 399 989
0 439 962
0 479 935
0 519 908
0 560 881
0 600 854
0 640 828
0 681 801
0 721 774
0 762 747
0 802 720
0 842 693
0 883 666
0 923 639
0 964 612
0 1004 585
0 1044 558
1 1796 1016
1 1761 989
1 1725 962
1 1689 935
1 1653 908
1 1617 881
1 1580 854
1 1544 828
1 1508 801
1 1472 774
1 1436 747
1 1399 720
1 1363 693
1 1327 666
1 1290 639
1 1254 612
1 1218 585
1 1181 558
2 1056 1016
2 1060 989
2 1063 962
2 1066 935
2 1069 908
2 1073 881
2 1076 854
2 1079 828
2 1082 801
2 1086 774
2 1089 747
2 1092 720
2 1095 693
2 1098 666
2 1101 639
2 1105 612
2 1108 585
2 1111 558
