0 360 1016
0 399 989
0 438 962
0 478 935
0 517 908
0 557 881
0 597 854
0 636 828
0 676 801
0 716 774
0 756 747
0 796 720
0 836 693
0 875 666
0 915 639
0 955 612
0 995 585
0 1035 558
1 1714 1016
1 1683 989
1 1651 962
1 1620 935
1 1588 908
1 1557 881
1 1525 854
1 1493 828
1 1461 801
1 1429 774
1 1397 747
1 1364 720
1 1331 693
1 1298 666
1 1265 639
1 1232 612
1 1198 585
1 1164 558
2 68 854
2 150 828
2 232 801
2 315 774
2 397 747
2 479 720
2 561 693
2 644 666
2 726 639
2 808 612
2 891 585
2 973 558
