0 1724 1016
0 1694 989
0 1662 962
0 1631 935
0 1599 908
0 1567 881
0 1535 854
0 1502 828
0 1470 801
0 1438 774
0 1406 747
0 1374 720
0 1342 693
0 1310 666
0 1278 639
0 1246 612
0 1214 585
0 1182 558
1 319 1016
1 361 989
1 403 962
1 446 935
1 488 908
1 531 881
1 574 854
1 617 828
1 660 801
1 704 774
1 747 747
1 790 720
1 834 693
1 877 666
1 921 639
1 964 612
1 1008 585
1 1052 558
2 45 881
2 122 854
2 199 828
2 276 801
2 353 774
2 430 747
2 507 720
2 584 693
2 661 666
2 738 639
2 815 612
2 892 585
2 969 558
