0 1875 1016
0 1836 989
0 1796 962
0 1755 935
0 1715 908
0 1675 881
0 1634 854
0 1594 828
0 1553 801
0 1512 774
0 1472 747
0 1431 720
0 1390 693
0 1350 666
0 1309 639
0 1268 612
0 1227 585
0 1187 558
1 471 1016
1 504 989
1 539 962
1 573 935
1 608 908
1 643 881
1 677 854
1 712 828
1 747 801
1 782 774
1 817 747
1 852 720
1 887 693
1 922 666
1 957 639
1 992 612
1 1027 585
1 1061 558
2 70 774
2 179 747
2 287 720
2 396 693
2 506 666
2 616 639
2 726 612
2 836 585
2 946 558
3 29 908
3 103 881
3 176 854
3 250 828
3 324 801
3 398 774
3 472 747
3 547 720
3 621 693
3 695 666
3 769 639
3 842 612
3 916 585
3 990 558
