0 1845 1016
0 1808 989
0 1770 962
0 1732 935
0 1694 908
0 1655 881
0 1617 854
0 1578 828
0 1539 801
0 1501 774
0 1462 747
0 1423 720
0 1383 693
0 1344 666
0 1304 639
0 1265 612
0 1225 585
0 1185 558
1 481 1016
1 514 989
1 548 962
1 581 935
1 615 908
1 648 881
1 682 854
1 715 828
1 749 801
1 783 774
1 816 747
1 850 720
1 884 693
1 917 666
1 951 639
1 984 612
1 1018 585
1 1051 558
2 36 908
2 109 881
2 182 854
2 256 828
2 329 801
2 402 774
2 475 747
2 549 720
2 622 693
2 695 666
2 769 639
2 842 612
2 915 585
2 988 558
