0 426 1016
0 463 989
0 500 962
0 537 935
0 574 908
0 611 881
0 648 854
0 685 828
0 722 801
0 759 774
0 796 747
0 833 720
0 870 693
0 907 666
0 944 639
0 981 612
0 1019 585
0 1056 558
1 1825 1016
1 1789 989
1 1751 962
1 1714 935
1 1676 908
1 1638 881
1 1600 854
1 1562 828
1 1524 801
1 1486 774
1 1448 747
1 1410 720
1 1372 693
1 1334 666
1 1295 639
1 1257 612
1 1219 585
1 1181 558
2 13 908
2 89 881
2 165 854
2 241 828
2 317 801
2 393 774
2 469 747
2 545 720
2 621 693
2 697 666
2 773 639
2 849 612
2 925 585
2 1001 558
3 15 774
3 130 747
3 245 720
3 360 693
3 477 666
3 593 639
3 709 612
3 826 585
3 942 558
