0 1812 1016
0 1776 989
0 1739 962
0 1702 935
0 1665 908
0 1627 881
0 1590 854
0 1553 828
0 1515 801
0 1477 774
0 1440 747
0 1402 720
0 1364 693
0 1326 666
0 1287 639
0 1249 612
0 1211 585
0 1172 558
1 427 1016
1 463 989
1 499 962
1 536 935
1 572 908
1 608 881
1 644 854
1 681 828
1 717 801
1 753 774
1 790 747
1 826 720
1 862 693
1 898 666
1 935 639
1 971 612
1 1007 585
1 1043 558
2 1 935
2 70 908
2 139 881
2 208 854
2 277 828
2 346 801
2 415 774
2 484 747
2 553 720
2 622 693
2 691 666
2 760 639
2 829 612
2 898 585
2 966 558
