0 1759 1016
0 1726 989
0 1693 962
0 1659 935
0 1624 908
0 1590 881
0 1555 854
0 1521 828
0 1487 801
0 1452 774
0 1417 747
0 1383 720
0 1348 693
0 1314 666
0 1279 639
0 1244 612
0 1210 585
0 1176 558
1 348 1016
1 388 989
1 429 962
1 469 935
1 510 908
1 551 881
1 592 854
1 633 828
1 674 801
1 715 774
1 757 747
1 798 720
1 839 693
1 880 666
1 921 639
1 962 612
1 1004 585
1 1045 558
2 69 854
2 151 828
2 234 801
2 316 774
2 398 747
2 480 720
2 562 693
2 645 666
2 727 639
2 809 612
2 891 585
2 974 558
