0 1829 1016
0 1793 989
0 1756 962
0 1718 935
0 1681 908
0 1643 881
0 1606 854
0 1568 828
0 1530 801
0 1492 774
0 1454 747
0 1416 720
0 1378 693
0 1340 666
0 1302 639
0 1264 612
0 1226 585
0 1187 558
1 495 1016
1 528 989
1 560 962
1 592 935
1 625 908
1 658 881
1 690 854
1 723 828
1 756 801
1 789 774
1 822 747
1 855 720
1 889 693
1 922 666
1 956 639
1 990 612
1 1024 585
1 1058 558
2 33 908
2 106 881
2 179 854
2 252 828
2 325 801
2 398 774
2 471 747
2 544 720
2 617 693
2 690 666
2 764 639
2 837 612
2 910 585
2 983 558
