0 1743 1016
0 1710 989
0 1677 962
0 1644 935
0 1611 908
0 1578 881
0 1545 854
0 1512 828
0 1479 801
0 1446 774
0 1413 747
0 1380 720
0 1347 693
0 1314 666
0 1282 639
0 1249 612
0 1217 585
0 1185 558
1 326 1016
1 367 989
1 409 962
1 451 935
1 494 908
1 537 881
1 579 854
1 622 828
1 665 801
1 708 774
1 751 747
1 794 720
1 837 693
1 880 666
1 922 639
1 965 612
1 1008 585
1 1050 558
2 42 854
2 127 828
2 211 801
2 296 774
2 380 747
2 465 720
2 549 693
2 634 666
2 718 639
2 803 612
2 888 585
2 972 558
