0 1847 1016
0 1809 989
0 1771 962
0 1732 935
0 1693 908
0 1654 881
0 1614 854
0 1575 828
0 1536 801
0 1496 774
0 1457 747
0 1417 720
0 1378 693
0 1338 666
0 1298 639
0 1259 612
0 1219 585
0 1180 558
1 438 1016
1 474 989
1 510 962
1 547 935
1 583 908
1 620 881
1 657 854
1 693 828
1 730 801
1 767 774
1 803 747
1 840 720
1 877 693
1 913 666
1 950 639
1 987 612
1 1023 585
1 1060 558
2 57 881
2 135 854
2 213 828
2 291 801
2 369 774
2 447 747
2 526 720
2 604 693
2 682 666
2 760 639
2 838 612
2 916 585
2 994 558
