0 1821 1016
0 1785 989
0 1748 962
0 1711 935
0 1674 908
0 1637 881
0 1599 854
0 1562 828
0 1524 801
0 1487 774
0 1449 747
0 1412 720
0 1374 693
0 1336 666
0 1298 639
0 1260 612
0 1222 585
0 1184 558
1 424 1016
1 459 989
1 496 962
1 532 935
1 569 908
1 607 881
1 644 854
1 681 828
1 719 801
1 756 774
1 794 747
1 831 720
1 869 693
1 906 666
1 944 639
1 981 612
1 1018 585
1 1055 558
2 63 881
2 140 854
2 218 828
2 295 801
2 373 774
2 450 747
2 528 720
2 605 693
2 682 666
2 760 639
2 837 612
2 915 585
2 992 558
3 11 774
3 125 747
3 240 720
3 355 693
3 471 666
3 587 639
3 703 612
3 820 585
3 936 558
