0 1817 1016
0 1782 989
0 1746 962
0 1709 935
0 1673 908
0 1636 881
0 1599 854
0 1562 828
0 1525 801
0 1488 774
0 1451 747
0 1413 720
0 1375 693
0 1337 666
0 1299 639
0 1261 612
0 1222 585
0 1183 558
1 428 1016
1 465 989
1 502 962
1 539 935
1 576 908
1 613 881
1 650 854
1 688 828
1 725 801
1 762 774
1 799 747
1 836 720
1 874 693
1 911 666
1 948 639
1 985 612
1 1023 585
1 1060 558
2 12 881
2 94 854
2 175 828
2 257 801
2 339 774
2 421 747
2 503 720
2 585 693
2 666 666
2 748 639
2 830 612
2 912 585
2 994 558
