0 1793 1016
0 1759 989
0 1723 962
0 1688 935
0 1653 908
0 1617 881
0 1582 854
0 1546 828
0 1510 801
0 1474 774
0 1438 747
0 1402 720
0 1366 693
0 1329 666
0 1293 639
0 1256 612
0 1219 585
0 1182 558
1 407 1016
1 444 989
1 481 962
1 519 935
1 556 908
1 594 881
1 632 854
1 670 828
1 708 801
1 746 774
1 784 747
1 822 720
1 860 693
1 899 666
1 937 639
1 975 612
1 1014 585
1 1052 558
2 12 881
2 94 854
2 175 828
2 257 801
2 339 774
2 421 747
2 502 720
2 584 693
2 666 666
2 747 639
2 829 612
2 911 585
2 992 558
