0 1815 1016
0 1779 989
0 1742 962
0 1706 935
0 1669 908
0 1631 881
0 1594 854
0 1557 828
0 1520 801
0 1483 774
0 1445 747
0 1408 720
0 1371 693
0 1333 666
0 1296 639
0 1259 612
0 1222 585
0 1184 558
1 397 1016
1 436 989
1 474 962
1 513 935
1 552 908
1 591 881
1 629 854
1 668 828
1 707 801
1 745 774
1 784 747
1 823 720
1 861 693
1 900 666
1 938 639
1 977 612
1 1015 585
1 1053 558
2 26 881
2 103 854
2 181 828
2 258 801
2 335 774
2 412 747
2 489 720
2 567 693
2 644 666
2 721 639
2 798 612
2 876 585
2 953 558
