0 1759 1016
0 1726 989
0 1692 962
0 1658 935
0 1624 908
0 1590 881
0 1556 854
0 1521 828
0 1487 801
0 1452 774
0 1417 747
0 1382 720
0 1347 693
0 1312 666
0 1277 639
0 1241 612
0 1206 585
0 1170 558
1 340 1016
1 380 989
1 421 962
1 461 935
1 502 908
1 543 881
1 585 854
1 626 828
1 667 801
1 708 774
1 749 747
1 791 720
1 832 693
1 873 666
1 914 639
1 955 612
1 996 585
1 1037 558
2 55 854
2 139 828
2 223 801
2 307 774
2 391 747
2 475 720
2 559 693
2 643 666
2 727 639
2 811 612
2 895 585
2 979 558
