0 432 1016
0 469 989
0 506 962
0 543 935
0 580 908
0 617 881
0 654 854
0 691 828
0 728 801
0 765 774
0 803 747
0 840 720
0 877 693
0 914 666
0 951 639
0 988 612
0 1025 585
0 1062 558
1 1846 1016
1 1809 989
1 1771 962
1 1733 935
1 1694 908
1 1656 881
1 1617 854
1 1578 828
1 1539 801
1 1501 774
1 1462 747
1 1423 720
1 1383 693
1 1344 666
1 1305 639
1 1266 612
1 1227 585
1 1188 558
2 53 881
2 131 854
2 209 828
2 286 801
2 364 774
2 442 747
2 520 720
2 597 693
2 675 666
2 753 639
2 830 612
2 908 585
2 986 558
3 71 774
3 178 747
3 286 720
3 394 693
3 503 666
3 612 639
3 721 612
3 831 585
3 940 558
