0 1761 1016
0 1728 989
0 1695 962
0 1662 935
0 1628 908
0 1594 881
0 1561 854
0 1527 828
0 1494 801
0 1460 774
0 1426 747
0 1393 720
0 1359 693
0 1326 666
0 1293 639
0 1259 612
0 1226 585
0 1193 558
1 333 1016
1 375 989
1 417 962
1 460 935
1 503 908
1 546 881
1 589 854
1 632 828
1 675 801
1 718 774
1 762 747
1 805 720
1 848 693
1 891 666
1 934 639
1 978 612
1 1021 585
1 1064 558
2 6 881
2 89 854
2 172 828
2 254 801
2 337 774
2 420 747
2 502 720
2 585 693
2 667 666
2 750 639
2 833 612
2 915 585
2 998 558
