0 1817 1016
0 1781 989
0 1743 962
0 1706 935
0 1668 908
0 1630 881
0 1592 854
0 1554 828
0 1516 801
0 1478 774
0 1440 747
0 1401 720
0 1363 693
0 1325 666
0 1286 639
0 1248 612
0 1209 585
0 1170 558
1 439 1016
1 474 989
1 509 962
1 544 935
1 579 908
1 614 881
1 649 854
1 684 828
1 719 801
1 754 774
1 789 747
1 824 720
1 859 693
1 895 666
1 930 639
1 965 612
1 1000 585
1 1035 558
2 59 881
2 135 854
2 211 828
2 286 801
2 362 774
2 438 747
2 514 720
2 590 693
2 666 666
2 742 639
2 817 612
2 893 585
2 969 558
3 9 774
3 123 747
3 236 720
3 350 693
3 465 666
3 580 639
3 695 612
3 810 585
3 925 558
