0 1808 1016
0 1773 989
0 1737 962
0 1701 935
0 1665 908
0 1629 881
0 1592 854
0 1556 828
0 1519 801
0 1483 774
0 1446 747
0 1409 720
0 1372 693
0 1335 666
0 1298 639
0 1261 612
0 1223 585
0 1186 558
1 408 1016
1 445 989
1 483 962
1 521 935
1 559 908
1 597 881
1 635 854
1 673 828
1 712 801
1 750 774
1 788 747
1 826 720
1 865 693
1 903 666
1 942 639
1 980 612
1 1018 585
1 1057 558
2 42 881
2 121 854
2 201 828
2 280 801
2 360 774
2 439 747
2 519 720
2 598 693
2 678 666
2 757 639
2 837 612
2 916 585
2 996 558
