0 1762 1016
0 1729 989
0 1695 962
0 1661 935
0 1627 908
0 1593 881
0 1559 854
0 1525 828
0 1491 801
0 1457 774
0 1423 747
0 1389 720
0 1355 693
0 1321 666
0 1288 639
0 1254 612
0 1221 585
0 1188 558
1 328 1016
1 369 989
1 411 962
1 453 935
1 495 908
1 537 881
1 579 854
1 621 828
1 663 801
1 706 774
1 748 747
1 790 720
1 832 693
1 874 666
1 917 639
1 959 612
1 1001 585
1 1043 558
2 994 1016
2 1002 989
2 1009 962
2 1016 935
2 1023 908
2 1031 881
2 1038 854
2 1045 828
2 1052 801
2 1059 774
2 1065 747
2 1072 720
2 1079 693
2 1086 666
2 1093 639
2 1099 612
2 1106 585
2 1112 558
3 24 774
3 134 747
3 244 720
3 354 693
3 465 666
3 576 639
3 687 612
3 799 585
3 910 558
