0 1780 1016
0 1746 989
0 1712 962
0 1678 935
0 1643 908
0 1608 881
0 1573 854
0 1539 828
0 1504 801
0 1469 774
0 1434 747
0 1399 720
0 1364 693
0 1329 666
0 1294 639
0 1258 612
0 1223 585
0 1188 558
1 457 1016
1 492 989
1 527 962
1 562 935
1 598 908
1 633 881
1 669 854
1 704 828
1 740 801
1 776 774
1 812 747
1 848 720
1 884 693
1 920 666
1 957 639
1 993 612
1 1029 585
1 1066 558
2 55 774
2 169 747
2 284 720
2 398 693
2 513 666
2 628 639
2 744 612
2 859 585
2 975 558
3 1293 1016
3 1284 989
3 1276 962
3 1267 935
3 1257 908
3 1248 881
3 1239 854
3 1230 828
3 1221 801
3 1211 774
3 1202 747
3 1193 720
3 1183 693
3 1174 666
3 1165 639
3 1155 612
3 1146 585
3 1137 558
