0 436 1016
0 472 989
0 507 962
0 543 935
0 579 908
0 615 881
0 651 854
0 687 828
0 723 801
0 758 774
0 794 747
0 830 720
0 866 693
0 902 666
0 938 639
0 974 612
0 1010 585
0 1045 558
1 1819 1016
1 1782 989
1 1744 962
1 1706 935
1 1668 908
1 1630 881
1 1592 854
1 1553 828
1 1515 801
1 1477 774
1 1438 747
1 1400 720
1 1361 693
1 1322 666
1 1284 639
1 1245 612
1 1207 585
1 1168 558
2 58 774
2 167 747
2 277 720
2 387 693
2 497 666
2 607 639
2 718 612
2 829 585
2 939 558
3 1150 1016
3 1148 989
3 1146 962
3 1144 935
3 1142 908
3 1139 881
3 1137 854
3 1135 828
3 1132 801
3 1130 774
3 1127 747
3 1125 720
3 1122 693
3 1120 666
3 1117 639
3 1115 612
3 1112 585
3 1109 558
