0 1840 1016
0 1803 989
0 1766 962
0 1728 935
0 1690 908
0 1651 881
0 1613 854
0 1575 828
0 1537 801
0 1498 774
0 1460 747
0 1422 720
0 1383 693
0 1345 666
0 1307 639
0 1268 612
0 1230 585
0 1192 558
1 425 1016
1 462 989
1 500 962
1 537 935
1 575 908
1 612 881
1 650 854
1 688 828
1 726 801
1 764 774
1 802 747
1 840 720
1 877 693
1 915 666
1 953 639
1 991 612
1 1029 585
1 1067 558
2 56 774
2 168 747
2 279 720
2 391 693
2 503 666
2 615 639
2 728 612
2 841 585
2 954 558
3 51 908
3 124 881
3 197 854
3 270 828
3 343 801
3 416 774
3 489 747
3 562 720
3 636 693
3 709 666
3 782 639
3 855 612
3 928 585
3 1001 558
