0 1760 1016
0 1727 989
0 1693 962
0 1660 935
0 1625 908
0 1591 881
0 1557 854
0 1522 828
0 1488 801
0 1454 774
0 1419 747
0 1384 720
0 1350 693
0 1315 666
0 1280 639
0 1246 612
0 1211 585
0 1177 558
1 365 1016
1 403 989
1 442 962
1 482 935
1 522 908
1 562 881
1 602 854
1 642 828
1 682 801
1 722 774
1 763 747
1 803 720
1 843 693
1 884 666
1 924 639
1 964 612
1 1004 585
1 1044 558
2 59 881
2 136 854
2 213 828
2 289 801
2 366 774
2 443 747
2 520 720
2 597 693
2 674 666
2 751 639
2 828 612
2 905 585
2 982 558
