0 1867 1016
0 1828 989
0 1788 962
0 1748 935
0 1708 908
0 1668 881
0 1628 854
0 1588 828
0 1547 801
0 1507 774
0 1467 747
0 1426 720
0 1386 693
0 1346 666
0 1305 639
0 1265 612
0 1225 585
0 1185 558
1 513 1016
1 544 989
1 576 962
1 608 935
1 640 908
1 672 881
1 704 854
1 737 828
1 769 801
1 801 774
1 834 747
1 866 720
1 899 693
1 931 666
1 963 639
1 996 612
1 1028 585
1 1060 558
2 77 774
2 185 747
2 293 720
2 401 693
2 510 666
2 618 639
2 727 612
2 836 585
2 945 558
3 59 908
3 130 881
3 201 854
3 273 828
3 344 801
3 416 774
3 488 747
3 559 720
3 631 693
3 702 666
3 774 639
3 846 612
3 917 585
3 988 558
