0 386 1016
0 425 989
0 465 962
0 505 935
0 544 908
0 584 881
0 624 854
0 664 828
0 703 801
0 743 774
0 783 747
0 823 720
0 863 693
0 903 666
0 942 639
0 982 612
0 1022 585
0 1062 558
1 1803 1016
1 1768 989
1 1732 962
1 1695 935
1 1659 908
1 1622 881
1 1586 854
1 1549 828
1 1512 801
1 1475 774
1 1439 747
1 1402 720
1 1365 693
1 1328 666
1 1291 639
1 1254 612
1 1217 585
1 1180 558
2 32 774
2 145 747
2 258 720
2 372 693
2 486 666
2 600 639
2 714 612
2 829 585
2 943 558
3 1133 1016
3 1133 989
3 1132 962
3 1131 935
3 1130 908
3 1128 881
3 1127 854
3 1126 828
3 1125 801
3 1124 774
3 1123 747
3 1122 720
3 1121 693
3 1119 666
3 1118 639
3 1117 612
3 1116 585
3 1115 558
