0 1724 1016
0 1693 989
0 1662 962
0 1630 935
0 1597 908
0 1565 881
0 1533 854
0 1501 828
0 1468 801
0 1436 774
0 1403 747
0 1371 720
0 1338 693
0 1306 666
0 1273 639
0 1241 612
0 1208 585
0 1175 558
1 346 1016
1 386 989
1 426 962
1 466 935
1 506 908
1 547 881
1 587 854
1 627 828
1 668 801
1 708 774
1 749 747
1 789 720
1 830 693
1 871 666
1 912 639
1 953 612
1 994 585
1 1035 558
2 13 881
2 93 854
2 172 828
2 252 801
2 331 774
2 411 747
2 491 720
2 570 693
2 650 666
2 729 639
2 809 612
2 888 585
2 968 558
