0 1765 1016
0 1732 989
0 1699 962
0 1665 935
0 1631 908
0 1597 881
0 1563 854
0 1529 828
0 1494 801
0 1460 774
0 1426 747
0 1391 720
0 1357 693
0 1322 666
0 1288 639
0 1253 612
0 1219 585
0 1184 558
1 378 1016
1 417 989
1 456 962
1 495 935
1 535 908
1 574 881
1 614 854
1 653 828
1 693 801
1 733 774
1 773 747
1 813 720
1 853 693
1 893 666
1 933 639
1 973 612
1 1013 585
1 1054 558
2 58 881
2 136 854
2 215 828
2 294 801
2 373 774
2 451 747
2 530 720
2 609 693
2 687 666
2 766 639
2 845 612
2 923 585
2 1002 558
