0 1730 1016
0 1698 989
0 1665 962
0 1633 935
0 1600 908
0 1567 881
0 1534 854
0 1501 828
0 1468 801
0 1436 774
0 1403 747
0 1371 720
0 1338 693
0 1306 666
0 1275 639
0 1243 612
0 1212 585
0 1181 558
1 370 1016
1 408 989
1 447 962
1 486 935
1 525 908
1 564 881
1 603 854
1 643 828
1 682 801
1 722 774
1 761 747
1 801 720
1 841 693
1 881 666
1 921 639
1 962 612
1 1002 585
1 1043 558
2 66 881
2 143 854
2 219 828
2 295 801
2 372 774
2 448 747
2 524 720
2 601 693
2 677 666
2 753 639
2 829 612
2 906 585
2 982 558
