0 1841 1016
0 1804 989
0 1766 962
0 1727 935
0 1688 908
0 1650 881
0 1611 854
0 1572 828
0 1533 801
0 1494 774
0 1455 747
0 1416 720
0 1377 693
0 1338 666
0 1299 639
0 1260 612
0 1221 585
0 1182 558
1 418 1016
1 454 989
1 491 962
1 529 935
1 566 908
1 604 881
1 641 854
1 679 828
1 717 801
1 755 774
1 793 747
1 830 720
1 868 693
1 906 666
1 944 639
1 982 612
1 1019 585
1 1057 558
2 8 908
2 84 881
2 160 854
2 236 828
2 312 801
2 388 774
2 464 747
2 540 720
2 616 693
2 692 666
2 768 639
2 843 612
2 919 585
2 995 558
3 32 774
3 144 747
3 257 720
3 370 693
3 484 666
3 598 639
3 713 612
3 828 585
3 942 558
