0 427 1016
0 464 989
0 502 962
0 540 935
0 577 908
0 615 881
0 652 854
0 690 828
0 727 801
0 765 774
0 802 747
0 840 720
0 877 693
0 914 666
0 952 639
0 989 612
0 1027 585
0 1064 558
1 1833 1016
1 1797 989
1 1759 962
1 1722 935
1 1684 908
1 1646 881
1 1608 854
1 1570 828
1 1532 801
1 1494 774
1 1456 747
1 1418 720
1 1380 693
1 1342 666
1 1304 639
1 1266 612
1 1228 585
1 1190 558
2 9 908
2 83 881
2 157 854
2 231 828
2 306 801
2 380 774
2 455 747
2 529 720
2 603 693
2 678 666
2 752 639
2 827 612
2 902 585
2 976 558
