0 1724 1016
0 1693 989
0 1662 962
0 1630 935
0 1598 908
0 1566 881
0 1534 854
0 1502 828
0 1470 801
0 1438 774
0 1407 747
0 1375 720
0 1344 693
0 1312 666
0 1281 639
0 1250 612
0 1219 585
0 1188 558
1 69 881
1 145 854
1 221 828
1 297 801
1 373 774
1 449 747
1 525 720
1 601 693
1 677 666
1 753 639
1 829 612
1 905 585
1 981 558
2 382 1016
2 419 989
2 456 962
2 494 935
2 531 908
2 569 881
2 607 854
2 645 828
2 683 801
2 721 774
2 759 747
2 798 720
2 837 693
2 876 666
2 915 639
2 955 612
2 995 585
2 1035 558
