0 412 1016
0 450 989
0 488 962
0 526 935
0 564 908
0 602 881
0 641 854
0 679 828
0 717 801
0 755 774
0 794 747
0 832 720
0 870 693
0 908 666
0 946 639
0 985 612
0 1023 585
0 1061 558
1 1808 1016
1 1773 989
1 1737 962
1 1701 935
1 1664 908
1 1628 881
1 1591 854
1 1554 828
1 1517 801
1 1480 774
1 1443 747
1 1405 720
1 1367 693
1 1329 666
1 1291 639
1 1253 612
1 1214 585
1 1175 558
2 20 881
2 102 854
2 184 828
2 265 801
2 347 774
2 429 747
2 511 720
2 592 693
2 674 666
2 756 639
2 838 612
2 919 585
2 1001 558
