0 1859 1016
0 1821 989
0 1782 962
0 1743 935
0 1704 908
0 1664 881
0 1624 854
0 1585 828
0 1545 801
0 1505 774
0 1466 747
0 1426 720
0 1386 693
0 1346 666
0 1306 639
0 1266 612
0 1226 585
0 1186 558
1 543 1016
1 573 989
1 603 962
1 633 935
1 662 908
1 692 881
1 722 854
1 752 828
1 783 801
1 813 774
1 843 747
1 873 720
1 904 693
1 935 666
1 965 639
1 996 612
1 1027 585
1 1058 558
2 78 774
2 184 747
2 291 720
2 397 693
2 505 666
2 612 639
2 720 612
2 828 585
2 936 558
3 38 908
3 110 881
3 183 854
3 255 828
3 328 801
3 401 774
3 473 747
3 546 720
3 619 693
3 691 666
3 764 639
3 837 612
3 909 585
3 982 558
