0 1849 1016
0 1812 989
0 1773 962
0 1735 935
0 1695 908
0 1656 881
0 1617 854
0 1578 828
0 1538 801
0 1499 774
0 1459 747
0 1419 720
0 1379 693
0 1339 666
0 1299 639
0 1258 612
0 1218 585
0 1177 558
1 455 1016
1 490 989
1 524 962
1 559 935
1 595 908
1 630 881
1 665 854
1 700 828
1 735 801
1 770 774
1 806 747
1 841 720
1 876 693
1 911 666
1 946 639
1 981 612
1 1016 585
1 1051 558
2 30 774
2 143 747
2 256 720
2 370 693
2 484 666
2 598 639
2 713 612
2 828 585
2 942 558
3 33 908
3 106 881
3 180 854
3 253 828
3 327 801
3 401 774
3 474 747
3 548 720
3 622 693
3 695 666
3 769 639
3 843 612
3 916 585
3 990 558
