0 1764 1016
0 1731 989
0 1697 962
0 1663 935
0 1629 908
0 1594 881
0 1560 854
0 1526 828
0 1492 801
0 1457 774
0 1423 747
0 1389 720
0 1354 693
0 1320 666
0 1285 639
0 1251 612
0 1217 585
0 1182 558
1 370 1016
1 409 989
1 448 962
1 487 935
1 527 908
1 567 881
1 607 854
1 647 828
1 687 801
1 728 774
1 768 747
1 808 720
1 849 693
1 889 666
1 929 639
1 970 612
1 1010 585
1 1051 558
2 68 854
2 152 828
2 235 801
2 318 774
2 401 747
2 485 720
2 568 693
2 651 666
2 734 639
2 818 612
2 901 585
2 984 558
