0 1852 1016
0 1814 989
0 1775 962
0 1737 935
0 1697 908
0 1658 881
0 1619 854
0 1580 828
0 1541 801
0 1502 774
0 1462 747
0 1423 720
0 1384 693
0 1345 666
0 1305 639
0 1266 612
0 1227 585
0 1188 558
1 476 1016
1 510 989
1 544 962
1 578 935
1 613 908
1 647 881
1 682 854
1 716 828
1 751 801
1 785 774
1 820 747
1 854 720
1 889 693
1 923 666
1 958 639
1 992 612
1 1027 585
1 1061 558
2 72 774
2 181 747
2 290 720
2 400 693
2 510 666
2 621 639
2 731 612
2 842 585
2 953 558
3 2 935
3 73 908
3 144 881
3 215 854
3 286 828
3 357 801
3 429 774
3 500 747
3 571 720
3 642 693
3 713 666
3 785 639
3 856 612
3 927 585
3 998 558
