0 1853 1016
0 1815 989
0 1776 962
0 1737 935
0 1698 908
0 1658 881
0 1619 854
0 1580 828
0 1540 801
0 1501 774
0 1461 747
0 1422 720
0 1382 693
0 1343 666
0 1303 639
0 1264 612
0 1224 585
0 1184 558
1 461 1016
1 495 989
1 530 962
1 564 935
1 599 908
1 634 881
1 669 854
1 704 828
1 739 801
1 774 774
1 809 747
1 844 720
1 879 693
1 913 666
1 948 639
1 983 612
1 1017 585
1 1052 558
2 12 935
2 81 908
2 151 881
2 220 854
2 290 828
2 360 801
2 430 774
2 499 747
2 569 720
2 639 693
2 709 666
2 779 639
2 848 612
2 918 585
2 987 558
3 92 774
3 196 747
3 300 720
3 405 693
3 510 666
3 615 639
3 721 612
3 826 585
3 932 558
