0 1790 1016
0 1755 989
0 1719 962
0 1683 935
0 1648 908
0 1612 881
0 1576 854
0 1540 828
0 1504 801
0 1468 774
0 1431 747
0 1395 720
0 1359 693
0 1323 666
0 1286 639
0 1250 612
0 1214 585
0 1177 558
1 434 1016
1 470 989
1 506 962
1 542 935
1 578 908
1 614 881
1 650 854
1 686 828
1 722 801
1 758 774
1 795 747
1 831 720
1 867 693
1 904 666
1 940 639
1 976 612
1 1013 585
1 1050 558
2 0 908
2 77 881
2 153 854
2 229 828
2 305 801
2 382 774
2 458 747
2 534 720
2 611 693
2 687 666
2 763 639
2 840 612
2 916 585
2 992 558
