0 382 1016
0 420 989
0 460 962
0 499 935
0 538 908
0 578 881
0 618 854
0 657 828
0 697 801
0 736 774
0 776 747
0 816 720
0 855 693
0 895 666
0 935 639
0 974 612
0 1014 585
0 1053 558
1 1803 1016
1 1768 989
1 1732 962
1 1696 935
1 1660 908
1 1623 881
1 1587 854
1 1551 828
1 1514 801
1 1477 774
1 1440 747
1 1403 720
1 1365 693
1 1328 666
1 1290 639
1 1251 612
1 1213 585
1 1173 558
2 52 774
2 164 747
2 276 720
2 388 693
2 500 666
2 612 639
2 724 612
2 837 585
2 949 558
3 1111 1016
3 1110 989
3 1110 962
3 1109 935
3 1108 908
3 1108 881
3 1107 854
3 1106 828
3 1106 801
3 1105 774
3 1104 747
3 1104 720
3 1103 693
3 1102 666
3 1101 639
3 1101 612
3 1100 585
3 1099 558
