0 436 1016
0 473 989
0 509 962
0 546 935
0 582 908
0 619 881
0 655 854
0 692 828
0 728 801
0 765 774
0 801 747
0 837 720
0 874 693
0 910 666
0 947 639
0 983 612
0 1019 585
0 1055 558
1 1859 1016
1 1821 989
1 1782 962
1 1742 935
1 1703 908
1 1663 881
1 1623 854
1 1584 828
1 1544 801
1 1504 774
1 1464 747
1 1424 720
1 1384 693
1 1344 666
1 1304 639
1 1265 612
1 1225 585
1 1185 558
2 42 908
2 115 881
2 187 854
2 260 828
2 332 801
2 405 774
2 477 747
2 550 720
2 623 693
2 695 666
2 768 639
2 840 612
2 913 585
2 985 558
3 43 774
3 154 747
3 265 720
3 376 693
3 488 666
3 600 639
3 713 612
3 826 585
3 938 558
