0 1868 1016
0 1830 989
0 1791 962
0 1751 935
0 1711 908
0 1672 881
0 1632 854
0 1592 828
0 1552 801
0 1511 774
0 1471 747
0 1430 720
0 1389 693
0 1348 666
0 1307 639
0 1265 612
0 1224 585
0 1181 558
1 474 1016
1 506 989
1 538 962
1 570 935
1 603 908
1 635 881
1 668 854
1 700 828
1 733 801
1 765 774
1 798 747
1 831 720
1 863 693
1 896 666
1 929 639
1 961 612
1 994 585
1 1026 558
2 110 747
2 219 720
2 329 693
2 440 666
2 550 639
2 661 612
2 772 585
2 883 558
3 71 881
3 144 854
3 217 828
3 290 801
3 363 774
3 436 747
3 509 720
3 582 693
3 655 666
3 728 639
3 801 612
3 874 585
3 947 558
