0 362 1016
0 403 989
0 444 962
0 485 935
0 527 908
0 568 881
0 609 854
0 651 828
0 692 801
0 734 774
0 775 747
0 816 720
0 858 693
0 899 666
0 941 639
0 982 612
0 1023 585
0 1064 558
1 1793 1016
1 1759 989
1 1723 962
1 1688 935
1 1652 908
1 1616 881
1 1581 854
1 1545 828
1 1509 801
1 1473 774
1 1436 747
1 1400 720
1 1364 693
1 1327 666
1 1290 639
1 1254 612
1 1216 585
1 1179 558
2 1083 1016
2 1084 989
2 1086 962
2 1087 935
2 1089 908
2 1091 881
2 1093 854
2 1094 828
2 1096 801
2 1098 774
2 1100 747
2 1102 720
2 1103 693
2 1105 666
2 1107 639
2 1108 612
2 1110 585
2 1111 558
3 30 774
3 142 747
3 256 720
3 369 693
3 483 666
3 597 639
3 712 612
3 827 585
3 941 558
