0 1844 1016
0 1806 989
0 1768 962
0 1729 935
0 1690 908
0 1652 881
0 1613 854
0 1574 828
0 1535 801
0 1496 774
0 1457 747
0 1417 720
0 1378 693
0 1339 666
0 1300 639
0 1261 612
0 1222 585
0 1183 558
1 427 1016
1 462 989
1 499 962
1 536 935
1 573 908
1 610 881
1 647 854
1 685 828
1 722 801
1 759 774
1 797 747
1 834 720
1 872 693
1 909 666
1 946 639
1 984 612
1 1021 585
1 1057 558
2 1129 1016
2 1128 989
2 1128 962
2 1127 935
2 1126 908
2 1126 881
2 1125 854
2 1124 828
2 1123 801
2 1123 774
2 1122 747
2 1121 720
2 1120 693
2 1119 666
2 1118 639
2 1117 612
2 1116 585
2 1115 558
3 79 774
3 187 747
3 295 720
3 403 693
3 511 666
3 619 639
3 728 612
3 836 585
3 944 558
