0 1904 1016
0 1864 989
0 1822 962
0 1781 935
0 1739 908
0 1697 881
0 1655 854
0 1613 828
0 1571 801
0 1529 774
0 1487 747
0 1444 720
0 1401 693
0 1358 666
0 1315 639
0 1272 612
0 1229 585
0 1185 558
1 573 1016
1 602 989
1 630 962
1 659 935
1 689 908
1 718 881
1 747 854
1 777 828
1 806 801
1 836 774
1 865 747
1 895 720
1 924 693
1 954 666
1 983 639
1 1013 612
1 1042 585
1 1072 558
2 53 908
2 126 881
2 200 854
2 274 828
2 348 801
2 422 774
2 496 747
2 570 720
2 644 693
2 718 666
2 792 639
2 866 612
2 940 585
2 1013 558
