0 1818 1016
0 1782 989
0 1745 962
0 1708 935
0 1671 908
0 1634 881
0 1597 854
0 1560 828
0 1523 801
0 1486 774
0 1449 747
0 1412 720
0 1375 693
0 1337 666
0 1300 639
0 1263 612
0 1226 585
0 1189 558
1 406 1016
1 443 989
1 481 962
1 519 935
1 557 908
1 595 881
1 633 854
1 672 828
1 710 801
1 748 774
1 787 747
1 825 720
1 863 693
1 902 666
1 940 639
1 978 612
1 1016 585
1 1054 558
2 39 774
2 150 747
2 262 720
2 374 693
2 487 666
2 600 639
2 713 612
2 826 585
2 939 558
3 34 908
3 108 881
3 182 854
3 257 828
3 331 801
3 405 774
3 479 747
3 553 720
3 627 693
3 701 666
3 775 639
3 849 612
3 923 585
3 997 558
