0 1858 1016
0 1820 989
0 1780 962
0 1741 935
0 1701 908
0 1661 881
0 1621 854
0 1581 828
0 1542 801
0 1502 774
0 1462 747
0 1422 720
0 1382 693
0 1342 666
0 1302 639
0 1262 612
0 1222 585
0 1183 558
1 433 1016
1 468 989
1 505 962
1 542 935
1 578 908
1 615 881
1 653 854
1 690 828
1 727 801
1 764 774
1 801 747
1 838 720
1 876 693
1 913 666
1 950 639
1 987 612
1 1024 585
1 1061 558
2 79 774
2 187 747
2 295 720
2 404 693
2 512 666
2 621 639
2 730 612
2 839 585
2 948 558
3 1135 1016
3 1134 989
3 1132 962
3 1131 935
3 1130 908
3 1129 881
3 1128 854
3 1127 828
3 1126 801
3 1125 774
3 1124 747
3 1123 720
3 1122 693
3 1121 666
3 1120 639
3 1119 612
3 1118 585
3 1117 558
