0 358 1016
0 398 989
0 438 962
0 477 935
0 518 908
0 558 881
0 598 854
0 638 828
0 678 801
0 719 774
0 759 747
0 799 720
0 840 693
0 880 666
0 920 639
0 961 612
0 1001 585
0 1041 558
1 1748 1016
1 1716 989
1 1682 962
1 1649 935
1 1615 908
1 1581 881
1 1547 854
1 1513 828
1 1479 801
1 1445 774
1 1411 747
1 1377 720
1 1342 693
1 1308 666
1 1273 639
1 1238 612
1 1204 585
1 1169 558
2 3 908
2 77 881
2 152 854
2 226 828
2 301 801
2 376 774
2 451 747
2 525 720
2 600 693
2 675 666
2 750 639
2 825 612
2 900 585
2 975 558
