0 1836 1016
0 1799 989
0 1762 962
0 1724 935
0 1686 908
0 1648 881
0 1609 854
0 1571 828
0 1533 801
0 1495 774
0 1457 747
0 1418 720
0 1380 693
0 1342 666
0 1304 639
0 1265 612
0 1227 585
0 1189 558
1 430 1016
1 466 989
1 502 962
1 539 935
1 576 908
1 613 881
1 650 854
1 687 828
1 724 801
1 761 774
1 798 747
1 836 720
1 873 693
1 910 666
1 947 639
1 984 612
1 1022 585
1 1059 558
2 33 774
2 145 747
2 258 720
2 371 693
2 485 666
2 599 639
2 713 612
2 828 585
2 942 558
3 18 908
3 92 881
3 166 854
3 241 828
3 315 801
3 390 774
3 465 747
3 539 720
3 614 693
3 688 666
3 763 639
3 837 612
3 912 585
3 986 558
