0 1756 1016
0 1723 989
0 1689 962
0 1655 935
0 1621 908
0 1587 881
0 1553 854
0 1518 828
0 1484 801
0 1449 774
0 1415 747
0 1381 720
0 1346 693
0 1312 666
0 1277 639
0 1243 612
0 1208 585
0 1174 558
1 344 1016
1 384 989
1 425 962
1 466 935
1 507 908
1 548 881
1 589 854
1 631 828
1 672 801
1 713 774
1 754 747
1 796 720
1 837 693
1 878 666
1 920 639
1 961 612
1 1002 585
1 1043 558
2 63 881
2 140 854
2 218 828
2 295 801
2 372 774
2 450 747
2 527 720
2 604 693
2 682 666
2 759 639
2 836 612
2 913 585
2 991 558
