0 429 1016
0 466 989
0 502 962
0 539 935
0 576 908
0 612 881
0 649 854
0 686 828
0 722 801
0 759 774
0 796 747
0 832 720
0 869 693
0 906 666
0 942 639
0 979 612
0 1015 585
0 1052 558
1 1845 1016
1 1807 989
1 1769 962
1 1730 935
1 1691 908
1 1651 881
1 1612 854
1 1573 828
1 1533 801
1 1494 774
1 1455 747
1 1415 720
1 1376 693
1 1336 666
1 1297 639
1 1257 612
1 1218 585
1 1179 558
2 19 908
2 93 881
2 166 854
2 239 828
2 312 801
2 386 774
2 459 747
2 532 720
2 606 693
2 679 666
2 753 639
2 826 612
2 899 585
2 972 558
3 46 774
3 156 747
3 266 720
3 377 693
3 489 666
3 600 639
3 712 612
3 824 585
3 936 558
