0 1809 1016
0 1773 989
0 1736 962
0 1700 935
0 1663 908
0 1626 881
0 1589 854
0 1552 828
0 1516 801
0 1479 774
0 1442 747
0 1406 720
0 1369 693
0 1332 666
0 1296 639
0 1259 612
0 1223 585
0 1187 558
1 408 1016
1 444 989
1 481 962
1 518 935
1 556 908
1 593 881
1 630 854
1 668 828
1 705 801
1 743 774
1 780 747
1 818 720
1 855 693
1 893 666
1 930 639
1 968 612
1 1005 585
1 1042 558
2 72 881
2 146 854
2 220 828
2 295 801
2 369 774
2 443 747
2 518 720
2 592 693
2 666 666
2 740 639
2 815 612
2 889 585
2 963 558
