0 1790 1016
0 1756 989
0 1720 962
0 1685 935
0 1649 908
0 1613 881
0 1577 854
0 1541 828
0 1505 801
0 1469 774
0 1433 747
0 1396 720
0 1359 693
0 1322 666
0 1285 639
0 1247 612
0 1210 585
0 1171 558
1 378 1016
1 418 989
1 457 962
1 496 935
1 536 908
1 575 881
1 614 854
1 654 828
1 693 801
1 732 774
1 771 747
1 810 720
1 849 693
1 888 666
1 926 639
1 965 612
1 1003 585
1 1041 558
2 21 881
2 100 854
2 179 828
2 258 801
2 337 774
2 416 747
2 495 720
2 574 693
2 653 666
2 732 639
2 811 612
2 890 585
2 969 558
