0 1844 1016
0 1807 989
0 1768 962
0 1730 935
0 1691 908
0 1652 881
0 1613 854
0 1574 828
0 1534 801
0 1495 774
0 1456 747
0 1416 720
0 1377 693
0 1337 666
0 1297 639
0 1257 612
0 1217 585
0 1177 558
1 434 1016
1 470 989
1 506 962
1 542 935
1 578 908
1 614 881
1 650 854
1 686 828
1 722 801
1 758 774
1 794 747
1 830 720
1 866 693
1 902 666
1 938 639
1 974 612
1 1009 585
1 1045 558
2 69 881
2 144 854
2 220 828
2 295 801
2 370 774
2 446 747
2 521 720
2 596 693
2 672 666
2 747 639
2 822 612
2 898 585
2 973 558
