0 1873 1016
0 1834 989
0 1794 962
0 1754 935
0 1714 908
0 1673 881
0 1633 854
0 1592 828
0 1552 801
0 1512 774
0 1471 747
0 1431 720
0 1390 693
0 1350 666
0 1309 639
0 1268 612
0 1228 585
0 1187 558
1 469 1016
1 503 989
1 537 962
1 572 935
1 606 908
1 641 881
1 676 854
1 711 828
1 746 801
1 781 774
1 816 747
1 851 720
1 886 693
1 921 666
1 956 639
1 991 612
1 1026 585
1 1061 558
2 80 774
2 188 747
2 296 720
2 404 693
2 513 666
2 622 639
2 731 612
2 841 585
2 950 558
3 55 908
3 126 881
3 199 854
3 271 828
3 343 801
3 415 774
3 487 747
3 559 720
3 631 693
3 704 666
3 776 639
3 848 612
3 920 585
3 992 558
