0 373 1016
0 411 989
0 449 962
0 487 935
0 525 908
0 564 881
0 602 854
0 640 828
0 679 801
0 717 774
0 755 747
0 794 720
0 832 693
0 871 666
0 909 639
0 947 612
0 986 585
0 1024 558
1 1743 1016
1 1711 989
1 1677 962
1 1644 935
1 1610 908
1 1576 881
1 1542 854
1 1508 828
1 1474 801
1 1440 774
1 1406 747
1 1371 720
1 1337 693
1 1302 666
1 1268 639
1 1233 612
1 1198 585
1 1163 558
2 57 881
2 131 854
2 205 828
2 280 801
2 354 774
2 428 747
2 503 720
2 577 693
2 652 666
2 726 639
2 800 612
2 875 585
2 949 558
