0 1867 1016
0 1827 989
0 1787 962
0 1747 935
0 1707 908
0 1666 881
0 1626 854
0 1585 828
0 1544 801
0 1503 774
0 1462 747
0 1420 720
0 1378 693
0 1336 666
0 1294 639
0 1252 612
0 1209 585
0 1165 558
1 435 1016
1 469 989
1 504 962
1 539 935
1 573 908
1 608 881
1 643 854
1 678 828
1 713 801
1 748 774
1 783 747
1 818 720
1 852 693
1 887 666
1 922 639
1 957 612
1 991 585
1 1026 558
2 2179 801
2 2076 774
2 1974 747
2 1872 720
2 1769 693
2 1667 666
2 1564 639
2 1462 612
2 1359 585
2 1256 558
3 48 774
3 154 747
3 260 720
3 367 693
3 474 666
3 580 639
3 688 612
3 795 585
3 902 558
