0 1851 1016
0 1814 989
0 1775 962
0 1736 935
0 1697 908
0 1658 881
0 1618 854
0 1579 828
0 1539 801
0 1500 774
0 1460 747
0 1420 720
0 1380 693
0 1340 666
0 1299 639
0 1259 612
0 1219 585
0 1178 558
1 452 1016
1 486 989
1 519 962
1 553 935
1 587 908
1 621 881
1 655 854
1 689 828
1 723 801
1 757 774
1 791 747
1 825 720
1 859 693
1 893 666
1 926 639
1 960 612
1 994 585
1 1028 558
2 9 908
2 81 881
2 153 854
2 225 828
2 298 801
2 370 774
2 442 747
2 514 720
2 586 693
2 658 666
2 730 639
2 802 612
2 874 585
2 946 558
