0 1792 1016
0 1757 989
0 1722 962
0 1686 935
0 1651 908
0 1615 881
0 1579 854
0 1543 828
0 1507 801
0 1471 774
0 1435 747
0 1399 720
0 1362 693
0 1326 666
0 1290 639
0 1254 612
0 1218 585
0 1182 558
1 381 1016
1 419 989
1 458 962
1 497 935
1 536 908
1 576 881
1 615 854
1 654 828
1 693 801
1 733 774
1 772 747
1 811 720
1 851 693
1 890 666
1 929 639
1 968 612
1 1008 585
1 1047 558
2 49 881
2 126 854
2 202 828
2 279 801
2 355 774
2 432 747
2 508 720
2 585 693
2 661 666
2 738 639
2 814 612
2 891 585
2 967 558
