0 1775 1016
0 1741 989
0 1706 962
0 1670 935
0 1635 908
0 1600 881
0 1565 854
0 1529 828
0 1494 801
0 1459 774
0 1424 747
0 1390 720
0 1355 693
0 1321 666
0 1287 639
0 1254 612
0 1220 585
0 1188 558
1 369 1016
1 408 989
1 447 962
1 486 935
1 525 908
1 565 881
1 604 854
1 644 828
1 684 801
1 724 774
1 763 747
1 803 720
1 843 693
1 883 666
1 923 639
1 963 612
1 1003 585
1 1043 558
2 9 881
2 89 854
2 168 828
2 248 801
2 327 774
2 407 747
2 486 720
2 566 693
2 645 666
2 724 639
2 804 612
2 883 585
2 963 558
