0 1724 1016
0 1692 989
0 1660 962
0 1628 935
0 1595 908
0 1563 881
0 1530 854
0 1498 828
0 1465 801
0 1432 774
0 1399 747
0 1366 720
0 1333 693
0 1300 666
0 1267 639
0 1234 612
0 1201 585
0 1167 558
1 314 1016
1 356 989
1 399 962
1 442 935
1 486 908
1 529 881
1 572 854
1 615 828
1 658 801
1 702 774
1 745 747
1 788 720
1 831 693
1 875 666
1 918 639
1 961 612
1 1004 585
1 1047 558
2 2188 801
2 2087 774
2 1986 747
2 1885 720
2 1784 693
2 1683 666
2 1581 639
2 1480 612
2 1379 585
2 1277 558
3 800 1016
3 816 989
3 832 962
3 849 935
3 866 908
3 882 881
3 899 854
3 916 828
3 933 801
3 950 774
3 966 747
3 983 720
3 1000 693
3 1017 666
3 1034 639
3 1050 612
3 1067 585
3 1083 558
