0 1752 1016
0 1719 989
0 1685 962
0 1651 935
0 1616 908
0 1582 881
0 1547 854
0 1513 828
0 1478 801
0 1443 774
0 1408 747
0 1373 720
0 1338 693
0 1303 666
0 1267 639
0 1232 612
0 1196 585
0 1160 558
1 321 1016
1 361 989
1 402 962
1 443 935
1 485 908
1 527 881
1 569 854
1 611 828
1 653 801
1 695 774
1 736 747
1 778 720
1 820 693
1 862 666
1 904 639
1 946 612
1 987 585
1 1029 558
2 51 881
2 126 854
2 201 828
2 277 801
2 352 774
2 427 747
2 503 720
2 578 693
2 653 666
2 729 639
2 804 612
2 879 585
2 954 558
