0 1750 1016
0 1718 989
0 1686 962
0 1653 935
0 1620 908
0 1587 881
0 1553 854
0 1520 828
0 1487 801
0 1454 774
0 1420 747
0 1387 720
0 1354 693
0 1321 666
0 1287 639
0 1254 612
0 1221 585
0 1188 558
1 402 1016
1 439 989
1 475 962
1 512 935
1 549 908
1 586 881
1 623 854
1 660 828
1 697 801
1 735 774
1 772 747
1 810 720
1 849 693
1 887 666
1 926 639
1 965 612
1 1004 585
1 1044 558
2 50 881
2 127 854
2 204 828
2 281 801
2 358 774
2 435 747
2 512 720
2 589 693
2 666 666
2 743 639
2 820 612
2 897 585
2 974 558
