0 1839 1016
0 1802 989
0 1764 962
0 1726 935
0 1688 908
0 1650 881
0 1611 854
0 1572 828
0 1534 801
0 1495 774
0 1457 747
0 1418 720
0 1379 693
0 1340 666
0 1302 639
0 1263 612
0 1224 585
0 1186 558
1 461 1016
1 496 989
1 531 962
1 566 935
1 601 908
1 636 881
1 671 854
1 706 828
1 742 801
1 777 774
1 812 747
1 847 720
1 883 693
1 918 666
1 954 639
1 989 612
1 1024 585
1 1059 558
2 1218 1016
2 1213 989
2 1208 962
2 1203 935
2 1198 908
2 1193 881
2 1187 854
2 1182 828
2 1177 801
2 1171 774
2 1166 747
2 1161 720
2 1155 693
2 1150 666
2 1144 639
2 1139 612
2 1133 585
2 1127 558
3 66 881
3 143 854
3 219 828
3 296 801
3 372 774
3 449 747
3 525 720
3 602 693
3 678 666
3 755 639
3 831 612
3 907 585
3 984 558
