0 1805 1016
0 1769 989
0 1733 962
0 1697 935
0 1661 908
0 1625 881
0 1589 854
0 1552 828
0 1516 801
0 1480 774
0 1444 747
0 1407 720
0 1371 693
0 1335 666
0 1298 639
0 1262 612
0 1226 585
0 1190 558
1 419 1016
1 455 989
1 491 962
1 527 935
1 564 908
1 600 881
1 637 854
1 673 828
1 710 801
1 746 774
1 783 747
1 819 720
1 856 693
1 892 666
1 929 639
1 965 612
1 1002 585
1 1038 558
2 71 881
2 145 854
2 219 828
2 293 801
2 367 774
2 442 747
2 516 720
2 590 693
2 664 666
2 738 639
2 812 612
2 886 585
2 961 558
