0 1874 1016
0 1834 989
0 1794 962
0 1754 935
0 1714 908
0 1673 881
0 1633 854
0 1592 828
0 1551 801
0 1511 774
0 1470 747
0 1429 720
0 1388 693
0 1347 666
0 1307 639
0 1266 612
0 1225 585
0 1184 558
1 497 1016
1 529 989
1 562 962
1 594 935
1 627 908
1 660 881
1 693 854
1 726 828
1 759 801
1 793 774
1 826 747
1 859 720
1 892 693
1 925 666
1 958 639
1 991 612
1 1024 585
1 1057 558
2 54 908
2 126 881
2 198 854
2 270 828
2 342 801
2 414 774
2 486 747
2 559 720
2 631 693
2 703 666
2 775 639
2 847 612
2 919 585
2 991 558
