0 373 1016
0 412 989
0 452 962
0 492 935
0 532 908
0 572 881
0 612 854
0 652 828
0 692 801
0 732 774
0 772 747
0 812 720
0 852 693
0 892 666
0 932 639
0 972 612
0 1012 585
0 1052 558
1 1781 1016
1 1746 989
1 1710 962
1 1675 935
1 1638 908
1 1602 881
1 1566 854
1 1530 828
1 1494 801
1 1458 774
1 1422 747
1 1386 720
1 1349 693
1 1313 666
1 1277 639
1 1241 612
1 1204 585
1 1168 558
2 11 881
2 93 854
2 174 828
2 255 801
2 336 774
2 417 747
2 499 720
2 580 693
2 661 666
2 742 639
2 823 612
2 905 585
2 986 558
