0 372 1016
0 412 989
0 453 962
0 493 935
0 533 908
0 574 881
0 614 854
0 655 828
0 695 801
0 736 774
0 776 747
0 816 720
0 857 693
0 897 666
0 938 639
0 978 612
0 1018 585
0 1058 558
1 1787 1016
1 1752 989
1 1716 962
1 1680 935
1 1644 908
1 1608 881
1 1572 854
1 1536 828
1 1499 801
1 1463 774
1 1427 747
1 1390 720
1 1353 693
1 1317 666
1 1280 639
1 1244 612
1 1207 585
1 1170 558
2 70 881
2 148 854
2 225 828
2 302 801
2 380 774
2 457 747
2 534 720
2 612 693
2 689 666
2 766 639
2 844 612
2 921 585
2 998 558
