0 1752 1016
0 1719 989
0 1685 962
0 1651 935
0 1617 908
0 1583 881
0 1549 854
0 1515 828
0 1481 801
0 1447 774
0 1413 747
0 1380 720
0 1346 693
0 1312 666
0 1279 639
0 1245 612
0 1212 585
0 1179 558
1 415 1016
1 450 989
1 486 962
1 523 935
1 559 908
1 595 881
1 632 854
1 668 828
1 704 801
1 741 774
1 777 747
1 814 720
1 850 693
1 887 666
1 923 639
1 960 612
1 996 585
1 1033 558
2 46 908
2 115 881
2 185 854
2 255 828
2 325 801
2 394 774
2 464 747
2 534 720
2 604 693
2 674 666
2 743 639
2 813 612
2 883 585
2 952 558
