0 1817 1016
0 1780 989
0 1743 962
0 1706 935
0 1668 908
0 1630 881
0 1593 854
0 1555 828
0 1517 801
0 1480 774
0 1442 747
0 1404 720
0 1366 693
0 1328 666
0 1291 639
0 1253 612
0 1215 585
0 1178 558
1 423 1016
1 459 989
1 496 962
1 532 935
1 569 908
1 606 881
1 643 854
1 680 828
1 718 801
1 755 774
1 792 747
1 829 720
1 866 693
1 904 666
1 941 639
1 978 612
1 1015 585
1 1053 558
2 39 908
2 112 881
2 185 854
2 258 828
2 331 801
2 404 774
2 477 747
2 550 720
2 623 693
2 696 666
2 769 639
2 842 612
2 915 585
2 988 558
