0 1864 1016
0 1825 989
0 1786 962
0 1746 935
0 1707 908
0 1667 881
0 1627 854
0 1588 828
0 1548 801
0 1508 774
0 1468 747
0 1428 720
0 1389 693
0 1349 666
0 1309 639
0 1269 612
0 1229 585
0 1189 558
1 457 1016
1 491 989
1 527 962
1 562 935
1 597 908
1 633 881
1 668 854
1 703 828
1 739 801
1 774 774
1 810 747
1 845 720
1 881 693
1 916 666
1 951 639
1 987 612
1 1022 585
1 1057 558
2 27 908
2 101 881
2 174 854
2 248 828
2 321 801
2 395 774
2 469 747
2 542 720
2 616 693
2 689 666
2 763 639
2 837 612
2 910 585
2 983 558
