0 2002 1016
0 1957 989
0 1911 962
0 1865 935
0 1819 908
0 1772 881
0 1726 854
0 1679 828
0 1633 801
0 1586 774
0 1539 747
0 1492 720
0 1444 693
0 1396 666
0 1349 639
0 1301 612
0 1252 585
0 1204 558
1 600 1016
1 626 989
1 653 962
1 679 935
1 706 908
1 733 881
1 760 854
1 786 828
1 813 801
1 840 774
1 867 747
1 894 720
1 921 693
1 948 666
1 974 639
1 1001 612
1 1028 585
1 1054 558
2 47 935
2 113 908
2 179 881
2 246 854
2 312 828
2 378 801
2 445 774
2 511 747
2 578 720
2 644 693
2 711 666
2 777 639
2 844 612
2 910 585
2 976 558
