0 1746 1016
0 1714 989
0 1680 962
0 1647 935
0 1613 908
0 1580 881
0 1546 854
0 1512 828
0 1478 801
0 1445 774
0 1411 747
0 1377 720
0 1343 693
0 1309 666
0 1275 639
0 1242 612
0 1208 585
0 1174 558
1 356 1016
1 396 989
1 437 962
1 477 935
1 518 908
1 558 881
1 599 854
1 640 828
1 681 801
1 722 774
1 762 747
1 803 720
1 844 693
1 885 666
1 926 639
1 966 612
1 1007 585
1 1047 558
2 23 881
2 102 854
2 181 828
2 261 801
2 340 774
2 419 747
2 498 720
2 577 693
2 657 666
2 736 639
2 815 612
2 894 585
2 973 558
