0 1812 1016
0 1776 989
0 1740 962
0 1703 935
0 1666 908
0 1629 881
0 1591 854
0 1554 828
0 1517 801
0 1479 774
0 1442 747
0 1404 720
0 1367 693
0 1329 666
0 1291 639
0 1253 612
0 1215 585
0 1177 558
1 407 1016
1 444 989
1 481 962
1 518 935
1 556 908
1 593 881
1 631 854
1 668 828
1 706 801
1 743 774
1 781 747
1 819 720
1 856 693
1 894 666
1 932 639
1 969 612
1 1007 585
1 1044 558
2 21 908
2 94 881
2 168 854
2 241 828
2 314 801
2 387 774
2 461 747
2 534 720
2 607 693
2 681 666
2 754 639
2 827 612
2 901 585
2 974 558
