0 1817 1016
0 1782 989
0 1745 962
0 1708 935
0 1671 908
0 1634 881
0 1597 854
0 1560 828
0 1523 801
0 1486 774
0 1448 747
0 1411 720
0 1373 693
0 1336 666
0 1298 639
0 1261 612
0 1223 585
0 1186 558
1 458 1016
1 493 989
1 527 962
1 562 935
1 597 908
1 632 881
1 668 854
1 703 828
1 738 801
1 774 774
1 809 747
1 845 720
1 881 693
1 917 666
1 953 639
1 989 612
1 1025 585
1 1061 558
2 38 908
2 112 881
2 187 854
2 261 828
2 336 801
2 411 774
2 485 747
2 560 720
2 635 693
2 709 666
2 784 639
2 859 612
2 933 585
2 1008 558
