0 1822 1016
0 1785 989
0 1748 962
0 1711 935
0 1674 908
0 1637 881
0 1599 854
0 1562 828
0 1524 801
0 1486 774
0 1448 747
0 1409 720
0 1370 693
0 1331 666
0 1292 639
0 1252 612
0 1212 585
0 1171 558
1 400 1016
1 436 989
1 473 962
1 510 935
1 547 908
1 584 881
1 622 854
1 659 828
1 696 801
1 733 774
1 771 747
1 808 720
1 845 693
1 882 666
1 919 639
1 957 612
1 994 585
1 1030 558
2 8 908
2 80 881
2 153 854
2 225 828
2 297 801
2 369 774
2 441 747
2 514 720
2 586 693
2 658 666
2 730 639
2 802 612
2 875 585
2 947 558
