0 374 1016
0 415 989
0 455 962
0 496 935
0 536 908
0 577 881
0 617 854
0 658 828
0 699 801
0 739 774
0 780 747
0 820 720
0 861 693
0 901 666
0 942 639
0 982 612
0 1022 585
0 1063 558
1 1769 1016
1 1736 989
1 1701 962
1 1667 935
1 1633 908
1 1598 881
1 1564 854
1 1529 828
1 1495 801
1 1460 774
1 1426 747
1 1391 720
1 1357 693
1 1322 666
1 1288 639
1 1253 612
1 1218 585
1 1184 558
2 21 908
2 96 881
2 171 854
2 246 828
2 321 801
2 395 774
2 470 747
2 545 720
2 620 693
2 695 666
2 769 639
2 844 612
2 919 585
2 994 558
3 39 774
3 151 747
3 263 720
3 376 693
3 489 666
3 602 639
3 716 612
3 830 585
3 944 558
