0 1753 1016
0 1721 989
0 1687 962
0 1653 935
0 1619 908
0 1585 881
0 1551 854
0 1517 828
0 1483 801
0 1448 774
0 1414 747
0 1380 720
0 1346 693
0 1311 666
0 1277 639
0 1243 612
0 1209 585
0 1175 558
1 360 1016
1 399 989
1 439 962
1 479 935
1 519 908
1 560 881
1 600 854
1 641 828
1 682 801
1 722 774
1 763 747
1 804 720
1 844 693
1 885 666
1 926 639
1 966 612
1 1007 585
1 1047 558
2 52 881
2 128 854
2 204 828
2 280 801
2 356 774
2 432 747
2 508 720
2 585 693
2 661 666
2 737 639
2 813 612
2 890 585
2 966 558
