0 1767 1016
0 1733 989
0 1699 962
0 1665 935
0 1631 908
0 1596 881
0 1562 854
0 1527 828
0 1493 801
0 1458 774
0 1424 747
0 1389 720
0 1355 693
0 1320 666
0 1285 639
0 1251 612
0 1216 585
0 1182 558
1 438 1016
1 473 989
1 509 962
1 546 935
1 582 908
1 618 881
1 655 854
1 691 828
1 727 801
1 764 774
1 800 747
1 837 720
1 873 693
1 910 666
1 946 639
1 982 612
1 1019 585
1 1055 558
2 65 881
2 141 854
2 218 828
2 295 801
2 371 774
2 448 747
2 524 720
2 601 693
2 678 666
2 754 639
2 831 612
2 907 585
2 984 558
