0 379 1016
0 419 989
0 458 962
0 497 935
0 537 908
0 577 881
0 616 854
0 656 828
0 695 801
0 734 774
0 774 747
0 813 720
0 852 693
0 892 666
0 931 639
0 970 612
0 1008 585
0 1047 558
1 1789 1016
1 1755 989
1 1720 962
1 1685 935
1 1650 908
1 1615 881
1 1580 854
1 1545 828
1 1509 801
1 1474 774
1 1437 747
1 1401 720
1 1364 693
1 1326 666
1 1288 639
1 1250 612
1 1211 585
1 1171 558
2 3 908
2 78 881
2 152 854
2 227 828
2 301 801
2 376 774
2 450 747
2 525 720
2 599 693
2 674 666
2 748 639
2 823 612
2 898 585
2 972 558
