0 1775 1016
0 1741 989
0 1706 962
0 1671 935
0 1636 908
0 1601 881
0 1566 854
0 1530 828
0 1495 801
0 1460 774
0 1424 747
0 1389 720
0 1354 693
0 1318 666
0 1283 639
0 1248 612
0 1212 585
0 1177 558
1 374 1016
1 412 989
1 451 962
1 491 935
1 530 908
1 570 881
1 610 854
1 650 828
1 690 801
1 730 774
1 770 747
1 810 720
1 851 693
1 891 666
1 932 639
1 973 612
1 1013 585
1 1054 558
2 23 908
2 98 881
2 173 854
2 247 828
2 322 801
2 397 774
2 472 747
2 547 720
2 622 693
2 697 666
2 772 639
2 847 612
2 922 585
2 996 558
