0 1855 1016
0 1816 989
0 1777 962
0 1738 935
0 1698 908
0 1659 881
0 1619 854
0 1579 828
0 1540 801
0 1500 774
0 1460 747
0 1420 720
0 1380 693
0 1340 666
0 1299 639
0 1259 612
0 1219 585
0 1179 558
1 503 1016
1 535 989
1 567 962
1 600 935
1 632 908
1 664 881
1 696 854
1 729 828
1 762 801
1 794 774
1 827 747
1 860 720
1 893 693
1 926 666
1 959 639
1 993 612
1 1026 585
1 1060 558
2 44 908
2 117 881
2 190 854
2 264 828
2 338 801
2 411 774
2 485 747
2 559 720
2 632 693
2 706 666
2 780 639
2 853 612
2 927 585
2 1001 558
