0 419 1016
0 457 989
0 495 962
0 533 935
0 571 908
0 609 881
0 647 854
0 685 828
0 723 801
0 761 774
0 799 747
0 837 720
0 875 693
0 913 666
0 951 639
0 989 612
0 1026 585
0 1064 558
1 1852 1016
1 1814 989
1 1775 962
1 1737 935
1 1698 908
1 1659 881
1 1619 854
1 1580 828
1 1541 801
1 1502 774
1 1462 747
1 1423 720
1 1383 693
1 1344 666
1 1304 639
1 1265 612
1 1225 585
1 1186 558
2 1162 1016
2 1160 989
2 1158 962
2 1155 935
2 1153 908
2 1151 881
2 1148 854
2 1146 828
2 1143 801
2 1141 774
2 1139 747
2 1136 720
2 1134 693
2 1131 666
2 1129 639
2 1126 612
2 1124 585
2 1122 558
3 48 774
3 159 747
3 270 720
3 382 693
3 495 666
3 607 639
3 720 612
3 833 585
3 946 558
