0 1762 1016
0 1729 989
0 1695 962
0 1661 935
0 1627 908
0 1593 881
0 1559 854
0 1525 828
0 1491 801
0 1456 774
0 1421 747
0 1386 720
0 1351 693
0 1316 666
0 1281 639
0 1245 612
0 1209 585
0 1173 558
1 364 1016
1 404 989
1 444 962
1 484 935
1 525 908
1 565 881
1 606 854
1 647 828
1 688 801
1 729 774
1 770 747
1 810 720
1 851 693
1 892 666
1 933 639
1 974 612
1 1015 585
1 1055 558
2 49 881
2 126 854
2 204 828
2 281 801
2 359 774
2 437 747
2 514 720
2 592 693
2 670 666
2 748 639
2 827 612
2 905 585
2 983 558
