0 1793 1016
0 1758 989
0 1722 962
0 1686 935
0 1650 908
0 1614 881
0 1578 854
0 1542 828
0 1506 801
0 1470 774
0 1433 747
0 1397 720
0 1361 693
0 1324 666
0 1288 639
0 1252 612
0 1215 585
0 1179 558
1 395 1016
1 432 989
1 470 962
1 508 935
1 547 908
1 585 881
1 623 854
1 662 828
1 700 801
1 739 774
1 778 747
1 816 720
1 855 693
1 894 666
1 932 639
1 971 612
1 1010 585
1 1048 558
2 63 881
2 140 854
2 216 828
2 293 801
2 370 774
2 446 747
2 523 720
2 599 693
2 676 666
2 752 639
2 829 612
2 906 585
2 982 558
