0 1796 1016
0 1760 989
0 1725 962
0 1689 935
0 1653 908
0 1617 881
0 1581 854
0 1545 828
0 1508 801
0 1472 774
0 1436 747
0 1399 720
0 1362 693
0 1325 666
0 1288 639
0 1251 612
0 1214 585
0 1176 558
1 341 1016
1 382 989
1 423 962
1 465 935
1 506 908
1 548 881
1 590 854
1 631 828
1 673 801
1 715 774
1 756 747
1 798 720
1 840 693
1 882 666
1 924 639
1 965 612
1 1007 585
1 1048 558
2 4 774
2 120 747
2 235 720
2 351 693
2 468 666
2 584 639
2 700 612
2 817 585
2 934 558
3 1129 1016
3 1128 989
3 1127 962
3 1126 935
3 1125 908
3 1124 881
3 1123 854
3 1122 828
3 1120 801
3 1119 774
3 1118 747
3 1117 720
3 1115 693
3 1114 666
3 1113 639
3 1111 612
3 1110 585
3 1109 558
