0 1767 1016
0 1733 989
0 1699 962
0 1665 935
0 1630 908
0 1596 881
0 1561 854
0 1527 828
0 1492 801
0 1458 774
0 1423 747
0 1389 720
0 1354 693
0 1320 666
0 1286 639
0 1252 612
0 1218 585
0 1184 558
1 384 1016
1 422 989
1 459 962
1 496 935
1 534 908
1 572 881
1 610 854
1 648 828
1 686 801
1 724 774
1 763 747
1 801 720
1 840 693
1 880 666
1 919 639
1 959 612
1 999 585
1 1040 558
2 62 881
2 141 854
2 220 828
2 299 801
2 378 774
2 458 747
2 537 720
2 616 693
2 695 666
2 774 639
2 853 612
2 932 585
2 1011 558
