0 1853 1016
0 1816 989
0 1777 962
0 1739 935
0 1700 908
0 1661 881
0 1621 854
0 1582 828
0 1543 801
0 1504 774
0 1464 747
0 1424 720
0 1384 693
0 1344 666
0 1304 639
0 1264 612
0 1223 585
0 1182 558
1 382 1016
1 422 989
1 463 962
1 503 935
1 544 908
1 584 881
1 625 854
1 666 828
1 706 801
1 747 774
1 788 747
1 828 720
1 869 693
1 909 666
1 949 639
1 990 612
1 1030 585
1 1069 558
2 71 881
2 150 854
2 228 828
2 306 801
2 384 774
2 462 747
2 540 720
2 619 693
2 697 666
2 775 639
2 853 612
2 931 585
2 1009 558
