0 1882 1016
0 1842 989
0 1802 962
0 1762 935
0 1722 908
0 1682 881
0 1641 854
0 1601 828
0 1560 801
0 1520 774
0 1479 747
0 1439 720
0 1398 693
0 1358 666
0 1317 639
0 1277 612
0 1236 585
0 1195 558
1 508 1016
1 539 989
1 571 962
1 603 935
1 635 908
1 667 881
1 699 854
1 731 828
1 764 801
1 796 774
1 828 747
1 860 720
1 893 693
1 925 666
1 957 639
1 990 612
1 1022 585
1 1054 558
2 67 908
2 138 881
2 209 854
2 279 828
2 350 801
2 421 774
2 492 747
2 563 720
2 634 693
2 705 666
2 776 639
2 847 612
2 918 585
2 988 558
3 70 774
3 176 747
3 282 720
3 389 693
3 496 666
3 602 639
3 710 612
3 817 585
3 925 558
