0 1827 1016
0 1791 989
0 1754 962
0 1718 935
0 1681 908
0 1644 881
0 1607 854
0 1570 828
0 1532 801
0 1495 774
0 1457 747
0 1419 720
0 1381 693
0 1342 666
0 1304 639
0 1265 612
0 1225 585
0 1185 558
1 287 1016
1 333 989
1 380 962
1 426 935
1 473 908
1 519 881
1 566 854
1 612 828
1 658 801
1 704 774
1 749 747
1 794 720
1 838 693
1 883 666
1 927 639
1 970 612
1 1012 585
1 1054 558
2 24 908
2 96 881
2 168 854
2 240 828
2 312 801
2 384 774
2 456 747
2 528 720
2 601 693
2 673 666
2 745 639
2 817 612
2 889 585
2 961 558
