0 1811 1016
0 1775 989
0 1739 962
0 1703 935
0 1666 908
0 1630 881
0 1593 854
0 1556 828
0 1520 801
0 1483 774
0 1446 747
0 1409 720
0 1373 693
0 1336 666
0 1299 639
0 1262 612
0 1226 585
0 1189 558
1 435 1016
1 471 989
1 506 962
1 542 935
1 579 908
1 615 881
1 651 854
1 688 828
1 724 801
1 761 774
1 798 747
1 834 720
1 871 693
1 907 666
1 944 639
1 981 612
1 1018 585
1 1054 558
2 2161 774
2 2056 747
2 1950 720
2 1845 693
2 1739 666
2 1633 639
2 1528 612
2 1422 585
2 1316 558
3 50 774
3 159 747
3 269 720
3 379 693
3 489 666
3 599 639
3 709 612
3 820 585
3 930 558
