0 1801 1016
0 1766 989
0 1730 962
0 1694 935
0 1658 908
0 1622 881
0 1585 854
0 1549 828
0 1512 801
0 1476 774
0 1439 747
0 1401 720
0 1364 693
0 1326 666
0 1288 639
0 1250 612
0 1212 585
0 1173 558
1 468 1016
1 501 989
1 534 962
1 567 935
1 600 908
1 633 881
1 666 854
1 699 828
1 733 801
1 766 774
1 800 747
1 834 720
1 868 693
1 903 666
1 937 639
1 972 612
1 1007 585
1 1043 558
2 56 881
2 134 854
2 212 828
2 289 801
2 367 774
2 445 747
2 522 720
2 600 693
2 678 666
2 756 639
2 833 612
2 911 585
2 989 558
