0 1762 1016
0 1729 989
0 1695 962
0 1660 935
0 1626 908
0 1591 881
0 1557 854
0 1522 828
0 1487 801
0 1453 774
0 1418 747
0 1383 720
0 1348 693
0 1313 666
0 1279 639
0 1244 612
0 1209 585
0 1175 558
1 391 1016
1 429 989
1 467 962
1 506 935
1 544 908
1 582 881
1 621 854
1 660 828
1 698 801
1 737 774
1 776 747
1 814 720
1 853 693
1 892 666
1 931 639
1 969 612
1 1008 585
1 1047 558
2 10 881
2 89 854
2 169 828
2 249 801
2 329 774
2 409 747
2 489 720
2 569 693
2 649 666
2 728 639
2 808 612
2 888 585
2 968 558
