0 1757 1016
0 1724 989
0 1691 962
0 1658 935
0 1624 908
0 1590 881
0 1557 854
0 1523 828
0 1489 801
0 1456 774
0 1422 747
0 1389 720
0 1355 693
0 1322 666
0 1288 639
0 1255 612
0 1222 585
0 1189 558
1 421 1016
1 458 989
1 493 962
1 528 935
1 564 908
1 599 881
1 634 854
1 669 828
1 705 801
1 740 774
1 776 747
1 812 720
1 849 693
1 886 666
1 923 639
1 961 612
1 999 585
1 1039 558
2 62 881
2 140 854
2 218 828
2 296 801
2 374 774
2 452 747
2 530 720
2 608 693
2 686 666
2 764 639
2 841 612
2 919 585
2 997 558
3 16 774
3 129 747
3 243 720
3 358 693
3 473 666
3 588 639
3 704 612
3 819 585
3 935 558
