0 415 1016
0 452 989
0 489 962
0 525 935
0 562 908
0 599 881
0 636 854
0 673 828
0 709 801
0 746 774
0 783 747
0 820 720
0 856 693
0 893 666
0 929 639
0 966 612
0 1002 585
0 1039 558
1 1796 1016
1 1761 989
1 1725 962
1 1690 935
1 1654 908
1 1618 881
1 1582 854
1 1546 828
1 1509 801
1 1473 774
1 1437 747
1 1400 720
1 1363 693
1 1327 666
1 1290 639
1 1253 612
1 1215 585
1 1178 558
2 21 908
2 93 881
2 166 854
2 238 828
2 311 801
2 383 774
2 456 747
2 528 720
2 601 693
2 673 666
2 746 639
2 818 612
2 891 585
2 963 558
