0 1773 1016
0 1739 989
0 1704 962
0 1669 935
0 1634 908
0 1599 881
0 1563 854
0 1528 828
0 1493 801
0 1457 774
0 1422 747
0 1386 720
0 1351 693
0 1316 666
0 1280 639
0 1245 612
0 1209 585
0 1174 558
1 377 1016
1 416 989
1 455 962
1 494 935
1 533 908
1 572 881
1 612 854
1 651 828
1 691 801
1 730 774
1 770 747
1 809 720
1 849 693
1 888 666
1 928 639
1 967 612
1 1006 585
1 1046 558
2 59 881
2 135 854
2 211 828
2 286 801
2 362 774
2 438 747
2 513 720
2 589 693
2 665 666
2 740 639
2 816 612
2 892 585
2 967 558
