0 426 1016
0 463 989
0 500 962
0 537 935
0 575 908
0 612 881
0 649 854
0 686 828
0 724 801
0 761 774
0 799 747
0 836 720
0 874 693
0 911 666
0 948 639
0 986 612
0 1023 585
0 1061 558
1 1838 1016
1 1802 989
1 1764 962
1 1726 935
1 1688 908
1 1649 881
1 1611 854
1 1572 828
1 1534 801
1 1496 774
1 1457 747
1 1419 720
1 1380 693
1 1342 666
1 1303 639
1 1265 612
1 1226 585
1 1188 558
2 18 908
2 93 881
2 169 854
2 245 828
2 320 801
2 396 774
2 472 747
2 548 720
2 623 693
2 699 666
2 775 639
2 850 612
2 926 585
2 1002 558
