0 411 1016
0 448 989
0 485 962
0 522 935
0 559 908
0 596 881
0 634 854
0 671 828
0 708 801
0 746 774
0 783 747
0 821 720
0 859 693
0 896 666
0 934 639
0 971 612
0 1009 585
0 1047 558
1 1820 1016
1 1784 989
1 1747 962
1 1709 935
1 1672 908
1 1634 881
1 1596 854
1 1559 828
1 1521 801
1 1483 774
1 1445 747
1 1407 720
1 1369 693
1 1331 666
1 1293 639
1 1255 612
1 1217 585
1 1179 558
2 1052 1016
2 1055 989
2 1058 962
2 1061 935
2 1063 908
2 1066 881
2 1069 854
2 1071 828
2 1074 801
2 1077 774
2 1079 747
2 1082 720
2 1085 693
2 1087 666
2 1090 639
2 1093 612
2 1095 585
2 1098 558
