0 457 1016
0 491 989
0 526 962
0 561 935
0 596 908
0 631 881
0 666 854
0 701 828
0 736 801
0 771 774
0 806 747
0 841 720
0 876 693
0 912 666
0 947 639
0 982 612
0 1017 585
0 1052 558
1 1784 1016
1 1750 989
1 1715 962
1 1680 935
1 1645 908
1 1609 881
1 1574 854
1 1539 828
1 1504 801
1 1468 774
1 1433 747
1 1397 720
1 1362 693
1 1326 666
1 1290 639
1 1254 612
1 1219 585
1 1183 558
2 70 881
2 145 854
2 220 828
2 296 801
2 371 774
2 447 747
2 522 720
2 598 693
2 673 666
2 749 639
2 824 612
2 900 585
2 975 558
