0 416 1016
0 453 989
0 490 962
0 527 935
0 564 908
0 602 881
0 639 854
0 677 828
0 714 801
0 752 774
0 790 747
0 827 720
0 865 693
0 902 666
0 940 639
0 978 612
0 1015 585
0 1052 558
1 1842 1016
1 1804 989
1 1766 962
1 1727 935
1 1689 908
1 1650 881
1 1611 854
1 1572 828
1 1533 801
1 1494 774
1 1455 747
1 1416 720
1 1377 693
1 1338 666
1 1298 639
1 1259 612
1 1220 585
1 1181 558
2 39 881
2 116 854
2 194 828
2 271 801
2 349 774
2 426 747
2 504 720
2 582 693
2 659 666
2 737 639
2 815 612
2 893 585
2 970 558
