0 1775 1016
0 1741 989
0 1706 962
0 1671 935
0 1636 908
0 1601 881
0 1566 854
0 1530 828
0 1495 801
0 1460 774
0 1424 747
0 1389 720
0 1353 693
0 1318 666
0 1282 639
0 1246 612
0 1211 585
0 1175 558
1 349 1016
1 389 989
1 430 962
1 471 935
1 511 908
1 552 881
1 593 854
1 634 828
1 675 801
1 716 774
1 758 747
1 799 720
1 840 693
1 881 666
1 922 639
1 963 612
1 1004 585
1 1045 558
2 868 1016
2 881 989
2 894 962
2 907 935
2 920 908
2 933 881
2 946 854
2 960 828
2 973 801
2 986 774
2 999 747
2 1013 720
2 1026 693
2 1039 666
2 1052 639
2 1065 612
2 1078 585
2 1091 558
