0 1800 1016
0 1764 989
0 1728 962
0 1692 935
0 1655 908
0 1619 881
0 1582 854
0 1545 828
0 1509 801
0 1472 774
0 1435 747
0 1399 720
0 1362 693
0 1325 666
0 1288 639
0 1252 612
0 1215 585
0 1178 558
1 415 1016
1 451 989
1 488 962
1 525 935
1 562 908
1 599 881
1 637 854
1 674 828
1 712 801
1 749 774
1 787 747
1 825 720
1 862 693
1 900 666
1 937 639
1 975 612
1 1012 585
1 1050 558
2 27 908
2 100 881
2 173 854
2 246 828
2 319 801
2 392 774
2 466 747
2 539 720
2 612 693
2 686 666
2 759 639
2 832 612
2 905 585
2 978 558
