0 354 1016
0 395 989
0 435 962
0 475 935
0 516 908
0 557 881
0 597 854
0 638 828
0 679 801
0 719 774
0 760 747
0 801 720
0 841 693
0 882 666
0 923 639
0 963 612
0 1004 585
0 1044 558
1 1783 1016
1 1748 989
1 1712 962
1 1676 935
1 1640 908
1 1604 881
1 1568 854
1 1532 828
1 1496 801
1 1460 774
1 1424 747
1 1387 720
1 1351 693
1 1315 666
1 1279 639
1 1242 612
1 1206 585
1 1170 558
2 63 881
2 140 854
2 217 828
2 294 801
2 371 774
2 448 747
2 526 720
2 603 693
2 680 666
2 757 639
2 834 612
2 911 585
2 988 558
