0 415 1016
0 452 989
0 489 962
0 526 935
0 563 908
0 601 881
0 638 854
0 676 828
0 713 801
0 751 774
0 788 747
0 826 720
0 863 693
0 901 666
0 938 639
0 976 612
0 1013 585
0 1051 558
1 1806 1016
1 1770 989
1 1734 962
1 1697 935
1 1659 908
1 1622 881
1 1585 854
1 1547 828
1 1510 801
1 1472 774
1 1435 747
1 1397 720
1 1359 693
1 1321 666
1 1282 639
1 1244 612
1 1206 585
1 1167 558
2 1144 1016
2 1143 989
2 1140 962
2 1138 935
2 1136 908
2 1134 881
2 1131 854
2 1129 828
2 1126 801
2 1124 774
2 1121 747
2 1119 720
2 1116 693
2 1114 666
2 1111 639
2 1109 612
2 1106 585
2 1104 558
