0 440 1016
0 475 989
0 511 962
0 547 935
0 582 908
0 618 881
0 654 854
0 690 828
0 726 801
0 762 774
0 798 747
0 834 720
0 870 693
0 906 666
0 942 639
0 977 612
0 1013 585
0 1049 558
1 1817 1016
1 1780 989
1 1743 962
1 1705 935
1 1667 908
1 1630 881
1 1592 854
1 1554 828
1 1516 801
1 1478 774
1 1441 747
1 1403 720
1 1365 693
1 1327 666
1 1289 639
1 1251 612
1 1213 585
1 1175 558
2 47 774
2 158 747
2 269 720
2 380 693
2 492 666
2 604 639
2 716 612
2 829 585
2 941 558
3 42 881
3 120 854
3 198 828
3 276 801
3 355 774
3 433 747
3 511 720
3 589 693
3 667 666
3 745 639
3 823 612
3 901 585
3 979 558
