0 1718 1016
0 1688 989
0 1657 962
0 1626 935
0 1595 908
0 1563 881
0 1532 854
0 1500 828
0 1469 801
0 1437 774
0 1405 747
0 1373 720
0 1341 693
0 1309 666
0 1277 639
0 1245 612
0 1212 585
0 1180 558
1 309 1016
1 352 989
1 395 962
1 438 935
1 482 908
1 526 881
1 569 854
1 613 828
1 657 801
1 700 774
1 744 747
1 788 720
1 831 693
1 875 666
1 919 639
1 963 612
1 1006 585
1 1050 558
2 29 854
2 114 828
2 199 801
2 284 774
2 369 747
2 454 720
2 539 693
2 624 666
2 709 639
2 794 612
2 879 585
2 964 558
