0 1743 1016
0 1711 989
0 1678 962
0 1644 935
0 1611 908
0 1577 881
0 1543 854
0 1510 828
0 1476 801
0 1442 774
0 1408 747
0 1373 720
0 1339 693
0 1304 666
0 1270 639
0 1235 612
0 1201 585
0 1166 558
1 388 1016
1 425 989
1 463 962
1 501 935
1 539 908
1 577 881
1 615 854
1 653 828
1 691 801
1 730 774
1 768 747
1 806 720
1 844 693
1 882 666
1 921 639
1 959 612
1 997 585
1 1035 558
2 6 908
2 80 881
2 153 854
2 227 828
2 300 801
2 374 774
2 448 747
2 522 720
2 595 693
2 669 666
2 743 639
2 816 612
2 890 585
2 964 558
