0 1788 1016
0 1754 989
0 1718 962
0 1683 935
0 1647 908
0 1611 881
0 1575 854
0 1540 828
0 1503 801
0 1467 774
0 1431 747
0 1395 720
0 1358 693
0 1322 666
0 1285 639
0 1249 612
0 1212 585
0 1175 558
1 418 1016
1 455 989
1 491 962
1 528 935
1 565 908
1 602 881
1 639 854
1 676 828
1 714 801
1 751 774
1 788 747
1 826 720
1 863 693
1 901 666
1 939 639
1 977 612
1 1014 585
1 1052 558
2 75 881
2 152 854
2 229 828
2 306 801
2 383 774
2 460 747
2 538 720
2 615 693
2 692 666
2 770 639
2 847 612
2 925 585
2 1002 558
