0 1806 1016
0 1771 989
0 1734 962
0 1698 935
0 1661 908
0 1624 881
0 1587 854
0 1550 828
0 1513 801
0 1476 774
0 1439 747
0 1402 720
0 1365 693
0 1328 666
0 1291 639
0 1254 612
0 1217 585
0 1180 558
1 402 1016
1 440 989
1 478 962
1 516 935
1 554 908
1 592 881
1 630 854
1 669 828
1 707 801
1 745 774
1 784 747
1 822 720
1 860 693
1 898 666
1 937 639
1 975 612
1 1013 585
1 1051 558
2 53 774
2 163 747
2 273 720
2 383 693
2 494 666
2 604 639
2 715 612
2 827 585
2 938 558
3 7 908
3 81 881
3 156 854
3 230 828
3 305 801
3 380 774
3 454 747
3 529 720
3 604 693
3 678 666
3 753 639
3 828 612
3 902 585
3 977 558
