0 1872 1016
0 1833 989
0 1794 962
0 1754 935
0 1714 908
0 1675 881
0 1635 854
0 1595 828
0 1554 801
0 1514 774
0 1473 747
0 1433 720
0 1392 693
0 1350 666
0 1309 639
0 1267 612
0 1225 585
0 1183 558
1 430 1016
1 466 989
1 503 962
1 540 935
1 576 908
1 613 881
1 649 854
1 686 828
1 723 801
1 759 774
1 796 747
1 832 720
1 869 693
1 905 666
1 942 639
1 978 612
1 1015 585
1 1051 558
2 1211 1016
2 1206 989
2 1200 962
2 1194 935
2 1189 908
2 1183 881
2 1177 854
2 1171 828
2 1165 801
2 1159 774
2 1153 747
2 1147 720
2 1141 693
2 1134 666
2 1128 639
2 1122 612
2 1116 585
2 1110 558
3 7 908
3 82 881
3 156 854
3 231 828
3 306 801
3 380 774
3 455 747
3 530 720
3 604 693
3 679 666
3 753 639
3 828 612
3 902 585
3 977 558
