0 423 1016
0 460 989
0 497 962
0 534 935
0 571 908
0 608 881
0 646 854
0 683 828
0 721 801
0 758 774
0 795 747
0 833 720
0 870 693
0 908 666
0 945 639
0 983 612
0 1020 585
0 1057 558
1 1815 1016
1 1779 989
1 1742 962
1 1705 935
1 1668 908
1 1631 881
1 1594 854
1 1557 828
1 1520 801
1 1483 774
1 1446 747
1 1409 720
1 1372 693
1 1335 666
1 1298 639
1 1261 612
1 1224 585
1 1187 558
2 54 881
2 132 854
2 209 828
2 286 801
2 363 774
2 440 747
2 517 720
2 594 693
2 672 666
2 749 639
2 826 612
2 903 585
2 980 558
