0 1853 1016
0 1816 989
0 1777 962
0 1738 935
0 1699 908
0 1660 881
0 1621 854
0 1582 828
0 1542 801
0 1503 774
0 1464 747
0 1424 720
0 1385 693
0 1345 666
0 1305 639
0 1266 612
0 1226 585
0 1186 558
1 452 1016
1 486 989
1 521 962
1 557 935
1 593 908
1 629 881
1 666 854
1 702 828
1 738 801
1 775 774
1 811 747
1 848 720
1 885 693
1 921 666
1 958 639
1 994 612
1 1031 585
1 1067 558
2 55 908
2 129 881
2 202 854
2 276 828
2 350 801
2 424 774
2 497 747
2 571 720
2 645 693
2 719 666
2 793 639
2 866 612
2 940 585
2 1014 558
