0 386 1016
0 425 989
0 463 962
0 502 935
0 540 908
0 579 881
0 618 854
0 657 828
0 696 801
0 735 774
0 775 747
0 814 720
0 854 693
0 894 666
0 934 639
0 974 612
0 1014 585
0 1055 558
1 1766 1016
1 1733 989
1 1699 962
1 1665 935
1 1631 908
1 1597 881
1 1563 854
1 1528 828
1 1494 801
1 1460 774
1 1426 747
1 1392 720
1 1357 693
1 1323 666
1 1289 639
1 1255 612
1 1221 585
1 1188 558
2 59 881
2 137 854
2 215 828
2 293 801
2 370 774
2 448 747
2 526 720
2 604 693
2 682 666
2 760 639
2 838 612
2 916 585
2 994 558
