0 363 1016
0 402 989
0 441 962
0 481 935
0 520 908
0 560 881
0 599 854
0 639 828
0 679 801
0 719 774
0 758 747
0 798 720
0 838 693
0 877 666
0 917 639
0 957 612
0 996 585
0 1035 558
1 1785 1016
1 1750 989
1 1716 962
1 1681 935
1 1646 908
1 1610 881
1 1575 854
1 1540 828
1 1504 801
1 1468 774
1 1432 747
1 1396 720
1 1359 693
1 1322 666
1 1285 639
1 1247 612
1 1209 585
1 1170 558
2 6 908
2 80 881
2 154 854
2 228 828
2 302 801
2 376 774
2 450 747
2 524 720
2 599 693
2 673 666
2 747 639
2 821 612
2 895 585
2 969 558
