0 1697 1016
0 1668 989
0 1637 962
0 1607 935
0 1576 908
0 1546 881
0 1515 854
0 1484 828
0 1453 801
0 1422 774
0 1392 747
0 1361 720
0 1330 693
0 1298 666
0 1267 639
0 1236 612
0 1205 585
0 1174 558
1 291 1016
1 335 989
1 379 962
1 424 935
1 468 908
1 513 881
1 558 854
1 603 828
1 648 801
1 693 774
1 738 747
1 783 720
1 828 693
1 873 666
1 918 639
1 962 612
1 1007 585
1 1052 558
2 1196 1016
2 1193 989
2 1189 962
2 1185 935
2 1181 908
2 1177 881
2 1172 854
2 1168 828
2 1163 801
2 1158 774
2 1154 747
2 1149 720
2 1145 693
2 1140 666
2 1136 639
2 1131 612
2 1126 585
2 1122 558
3 101 774
3 209 747
3 317 720
3 426 693
3 535 666
3 643 639
3 752 612
3 862 585
3 971 558
