0 1775 1016
0 1741 989
0 1707 962
0 1672 935
0 1638 908
0 1603 881
0 1568 854
0 1533 828
0 1498 801
0 1463 774
0 1429 747
0 1394 720
0 1359 693
0 1324 666
0 1289 639
0 1254 612
0 1219 585
0 1184 558
1 407 1016
1 444 989
1 482 962
1 519 935
1 557 908
1 594 881
1 632 854
1 669 828
1 707 801
1 745 774
1 782 747
1 820 720
1 858 693
1 895 666
1 933 639
1 971 612
1 1008 585
1 1046 558
2 880 1016
2 893 989
2 905 962
2 918 935
2 930 908
2 943 881
2 955 854
2 968 828
2 981 801
2 994 774
2 1006 747
2 1019 720
2 1032 693
2 1044 666
2 1057 639
2 1070 612
2 1082 585
2 1095 558
