0 1836 1016
0 1799 989
0 1761 962
0 1723 935
0 1684 908
0 1646 881
0 1607 854
0 1568 828
0 1530 801
0 1491 774
0 1452 747
0 1413 720
0 1374 693
0 1335 666
0 1296 639
0 1257 612
0 1218 585
0 1179 558
1 402 1016
1 439 989
1 477 962
1 515 935
1 554 908
1 592 881
1 630 854
1 668 828
1 707 801
1 745 774
1 783 747
1 822 720
1 860 693
1 899 666
1 937 639
1 975 612
1 1014 585
1 1052 558
2 1133 1016
2 1131 989
2 1129 962
2 1128 935
2 1126 908
2 1125 881
2 1123 854
2 1121 828
2 1120 801
2 1118 774
2 1117 747
2 1115 720
2 1113 693
2 1112 666
2 1110 639
2 1108 612
2 1107 585
2 1105 558
3 46 774
3 158 747
3 270 720
3 383 693
3 495 666
3 608 639
3 721 612
3 834 585
3 947 558
