0 362 1016
0 402 989
0 443 962
0 484 935
0 525 908
0 566 881
0 606 854
0 647 828
0 688 801
0 729 774
0 770 747
0 811 720
0 852 693
0 893 666
0 933 639
0 974 612
0 1015 585
0 1056 558
1 1759 1016
1 1726 989
1 1693 962
1 1659 935
1 1625 908
1 1591 881
1 1557 854
1 1523 828
1 1489 801
1 1455 774
1 1421 747
1 1387 720
1 1353 693
1 1319 666
1 1285 639
1 1251 612
1 1217 585
1 1183 558
2 55 881
2 131 854
2 208 828
2 285 801
2 361 774
2 438 747
2 515 720
2 591 693
2 668 666
2 745 639
2 822 612
2 898 585
2 975 558
