0 438 1016
0 473 989
0 508 962
0 543 935
0 578 908
0 614 881
0 650 854
0 685 828
0 721 801
0 756 774
0 792 747
0 828 720
0 863 693
0 899 666
0 935 639
0 970 612
0 1006 585
0 1042 558
1 9 908
1 84 881
1 158 854
1 233 828
1 308 801
1 382 774
1 457 747
1 532 720
1 606 693
1 681 666
1 756 639
1 830 612
1 905 585
1 980 558
2 1793 1016
2 1758 989
2 1722 962
2 1686 935
2 1650 908
2 1614 881
2 1578 854
2 1541 828
2 1505 801
2 1468 774
2 1431 747
2 1394 720
2 1357 693
2 1320 666
2 1282 639
2 1245 612
2 1207 585
2 1168 558
