0 375 1016
0 414 989
0 453 962
0 492 935
0 531 908
0 570 881
0 609 854
0 649 828
0 688 801
0 727 774
0 766 747
0 806 720
0 845 693
0 884 666
0 923 639
0 962 612
0 1001 585
0 1040 558
1 1779 1016
1 1745 989
1 1710 962
1 1675 935
1 1640 908
1 1604 881
1 1569 854
1 1533 828
1 1498 801
1 1462 774
1 1426 747
1 1390 720
1 1354 693
1 1318 666
1 1282 639
1 1245 612
1 1209 585
1 1172 558
2 37 881
2 115 854
2 192 828
2 270 801
2 347 774
2 425 747
2 502 720
2 579 693
2 657 666
2 734 639
2 811 612
2 889 585
2 966 558
