0 411 1016
0 448 989
0 485 962
0 522 935
0 559 908
0 597 881
0 634 854
0 672 828
0 709 801
0 746 774
0 784 747
0 821 720
0 858 693
0 896 666
0 933 639
0 970 612
0 1007 585
0 1044 558
1 1836 1016
1 1799 989
1 1761 962
1 1723 935
1 1685 908
1 1647 881
1 1609 854
1 1571 828
1 1532 801
1 1493 774
1 1455 747
1 1415 720
1 1376 693
1 1337 666
1 1297 639
1 1257 612
1 1217 585
1 1176 558
2 53 881
2 130 854
2 207 828
2 284 801
2 360 774
2 437 747
2 514 720
2 591 693
2 668 666
2 744 639
2 821 612
2 898 585
2 975 558
3 1180 1016
3 1176 989
3 1172 962
3 1168 935
3 1163 908
3 1159 881
3 1155 854
3 1151 828
3 1147 801
3 1143 774
3 1138 747
3 1134 720
3 1130 693
3 1126 666
3 1121 639
3 1117 612
3 1113 585
3 1108 558
