0 1853 1016
0 1815 989
0 1776 962
0 1738 935
0 1698 908
0 1659 881
0 1620 854
0 1581 828
0 1541 801
0 1502 774
0 1463 747
0 1423 720
0 1384 693
0 1344 666
0 1305 639
0 1266 612
0 1226 585
0 1187 558
1 470 1016
1 503 989
1 536 962
1 570 935
1 604 908
1 638 881
1 673 854
1 707 828
1 742 801
1 776 774
1 811 747
1 845 720
1 880 693
1 914 666
1 949 639
1 983 612
1 1017 585
1 1051 558
2 66 774
2 173 747
2 279 720
2 387 693
2 495 666
2 602 639
2 711 612
2 819 585
2 928 558
3 28 908
3 101 881
3 174 854
3 247 828
3 320 801
3 393 774
3 466 747
3 539 720
3 612 693
3 685 666
3 758 639
3 831 612
3 904 585
3 976 558
