0 381 1016
0 418 989
0 456 962
0 495 935
0 533 908
0 572 881
0 610 854
0 649 828
0 688 801
0 727 774
0 765 747
0 804 720
0 843 693
0 882 666
0 921 639
0 959 612
0 998 585
0 1037 558
1 1771 1016
1 1737 989
1 1702 962
1 1668 935
1 1633 908
1 1598 881
1 1563 854
1 1529 828
1 1493 801
1 1458 774
1 1423 747
1 1387 720
1 1351 693
1 1315 666
1 1279 639
1 1243 612
1 1206 585
1 1169 558
2 14 908
2 88 881
2 162 854
2 237 828
2 311 801
2 385 774
2 460 747
2 534 720
2 609 693
2 683 666
2 757 639
2 832 612
2 906 585
2 981 558
