0 418 1016
0 454 989
0 491 962
0 528 935
0 565 908
0 603 881
0 640 854
0 677 828
0 715 801
0 752 774
0 789 747
0 827 720
0 864 693
0 901 666
0 939 639
0 976 612
0 1013 585
0 1051 558
1 1826 1016
1 1789 989
1 1751 962
1 1713 935
1 1676 908
1 1638 881
1 1599 854
1 1561 828
1 1523 801
1 1485 774
1 1447 747
1 1409 720
1 1371 693
1 1332 666
1 1294 639
1 1256 612
1 1218 585
1 1180 558
2 35 774
2 147 747
2 259 720
2 372 693
2 485 666
2 599 639
2 712 612
2 826 585
2 940 558
3 4 908
3 78 881
3 153 854
3 227 828
3 302 801
3 377 774
3 451 747
3 526 720
3 601 693
3 675 666
3 750 639
3 825 612
3 899 585
3 974 558
