0 1757 1016
0 1724 989
0 1691 962
0 1657 935
0 1622 908
0 1588 881
0 1554 854
0 1519 828
0 1485 801
0 1450 774
0 1416 747
0 1382 720
0 1347 693
0 1313 666
0 1278 639
0 1244 612
0 1209 585
0 1175 558
1 337 1016
1 378 989
1 420 962
1 462 935
1 503 908
1 545 881
1 587 854
1 629 828
1 670 801
1 712 774
1 754 747
1 796 720
1 838 693
1 880 666
1 921 639
1 963 612
1 1005 585
1 1046 558
2 861 1016
2 874 989
2 887 962
2 901 935
2 914 908
2 927 881
2 941 854
2 954 828
2 968 801
2 981 774
2 994 747
2 1008 720
2 1021 693
2 1035 666
2 1048 639
2 1061 612
2 1074 585
2 1088 558
