0 405 1016
0 442 989
0 480 962
0 517 935
0 555 908
0 593 881
0 632 854
0 670 828
0 708 801
0 746 774
0 784 747
0 823 720
0 861 693
0 899 666
0 937 639
0 976 612
0 1014 585
0 1052 558
1 1802 1016
1 1767 989
1 1731 962
1 1695 935
1 1659 908
1 1622 881
1 1586 854
1 1550 828
1 1513 801
1 1477 774
1 1441 747
1 1404 720
1 1368 693
1 1332 666
1 1295 639
1 1259 612
1 1222 585
1 1186 558
2 62 881
2 138 854
2 213 828
2 289 801
2 365 774
2 441 747
2 517 720
2 593 693
2 669 666
2 745 639
2 820 612
2 896 585
2 972 558
