0 1753 1016
0 1720 989
0 1687 962
0 1653 935
0 1619 908
0 1585 881
0 1551 854
0 1517 828
0 1483 801
0 1450 774
0 1416 747
0 1382 720
0 1349 693
0 1316 666
0 1283 639
0 1250 612
0 1218 585
0 1186 558
1 321 1016
1 363 989
1 405 962
1 448 935
1 491 908
1 533 881
1 576 854
1 619 828
1 662 801
1 705 774
1 748 747
1 791 720
1 834 693
1 877 666
1 920 639
1 963 612
1 1006 585
1 1048 558
2 63 854
2 145 828
2 227 801
2 310 774
2 392 747
2 474 720
2 557 693
2 639 666
2 722 639
2 804 612
2 886 585
2 969 558
