0 394 1016
0 432 989
0 471 962
0 509 935
0 548 908
0 587 881
0 626 854
0 665 828
0 704 801
0 743 774
0 781 747
0 820 720
0 859 693
0 898 666
0 937 639
0 976 612
0 1015 585
0 1054 558
1 1767 1016
1 1733 989
1 1699 962
1 1665 935
1 1630 908
1 1596 881
1 1562 854
1 1527 828
1 1493 801
1 1459 774
1 1424 747
1 1390 720
1 1356 693
1 1321 666
1 1287 639
1 1252 612
1 1218 585
1 1184 558
2 1 908
2 77 881
2 152 854
2 228 828
2 304 801
2 379 774
2 455 747
2 531 720
2 607 693
2 682 666
2 758 639
2 834 612
2 909 585
2 985 558
3 1126 1016
3 1126 989
3 1126 962
3 1125 935
3 1125 908
3 1124 881
3 1124 854
3 1123 828
3 1123 801
3 1122 774
3 1122 747
3 1121 720
3 1120 693
3 1120 666
3 1119 639
3 1118 612
3 1118 585
3 1117 558
