0 381 1016
0 418 989
0 456 962
0 494 935
0 532 908
0 570 881
0 609 854
0 647 828
0 685 801
0 724 774
0 762 747
0 801 720
0 840 693
0 878 666
0 917 639
0 955 612
0 994 585
0 1032 558
1 1767 1016
1 1733 989
1 1699 962
1 1664 935
1 1629 908
1 1595 881
1 1560 854
1 1525 828
1 1490 801
1 1455 774
1 1419 747
1 1384 720
1 1349 693
1 1313 666
1 1277 639
1 1241 612
1 1206 585
1 1169 558
2 56 881
2 132 854
2 208 828
2 283 801
2 359 774
2 435 747
2 511 720
2 587 693
2 662 666
2 738 639
2 814 612
2 890 585
2 965 558
