0 416 1016
0 453 989
0 491 962
0 528 935
0 566 908
0 603 881
0 641 854
0 679 828
0 717 801
0 754 774
0 792 747
0 830 720
0 868 693
0 905 666
0 943 639
0 981 612
0 1018 585
0 1056 558
1 1839 1016
1 1802 989
1 1764 962
1 1726 935
1 1687 908
1 1649 881
1 1610 854
1 1571 828
1 1533 801
1 1494 774
1 1455 747
1 1416 720
1 1378 693
1 1339 666
1 1300 639
1 1261 612
1 1222 585
1 1184 558
2 68 881
2 145 854
2 221 828
2 297 801
2 374 774
2 450 747
2 527 720
2 603 693
2 680 666
2 756 639
2 833 612
2 909 585
2 985 558
