0 437 1016
0 472 989
0 507 962
0 543 935
0 579 908
0 615 881
0 651 854
0 687 828
0 723 801
0 759 774
0 795 747
0 831 720
0 867 693
0 903 666
0 939 639
0 975 612
0 1011 585
0 1047 558
1 1853 1016
1 1816 989
1 1777 962
1 1739 935
1 1701 908
1 1662 881
1 1624 854
1 1585 828
1 1546 801
1 1507 774
1 1468 747
1 1428 720
1 1388 693
1 1348 666
1 1308 639
1 1267 612
1 1226 585
1 1184 558
2 40 908
2 111 881
2 182 854
2 254 828
2 325 801
2 397 774
2 468 747
2 540 720
2 611 693
2 683 666
2 754 639
2 826 612
2 897 585
2 968 558
