0 1824 1016
0 1788 989
0 1752 962
0 1715 935
0 1678 908
0 1641 881
0 1604 854
0 1567 828
0 1530 801
0 1493 774
0 1455 747
0 1418 720
0 1380 693
0 1343 666
0 1305 639
0 1267 612
0 1230 585
0 1192 558
1 472 1016
1 505 989
1 538 962
1 571 935
1 604 908
1 637 881
1 671 854
1 704 828
1 738 801
1 772 774
1 806 747
1 840 720
1 874 693
1 908 666
1 943 639
1 977 612
1 1012 585
1 1048 558
2 17 908
2 90 881
2 165 854
2 239 828
2 313 801
2 387 774
2 461 747
2 535 720
2 609 693
2 683 666
2 757 639
2 832 612
2 906 585
2 980 558
