0 1941 1016
0 1898 989
0 1855 962
0 1812 935
0 1768 908
0 1724 881
0 1681 854
0 1637 828
0 1593 801
0 1549 774
0 1504 747
0 1460 720
0 1415 693
0 1371 666
0 1326 639
0 1281 612
0 1235 585
0 1189 558
1 480 1016
1 514 989
1 549 962
1 583 935
1 618 908
1 652 881
1 687 854
1 721 828
1 755 801
1 790 774
1 824 747
1 857 720
1 891 693
1 924 666
1 957 639
1 990 612
1 1023 585
1 1054 558
2 1220 1016
2 1214 989
2 1208 962
2 1202 935
2 1197 908
2 1191 881
2 1185 854
2 1179 828
2 1173 801
2 1167 774
2 1161 747
2 1155 720
2 1149 693
2 1143 666
2 1137 639
2 1130 612
2 1124 585
2 1118 558
3 61 774
3 168 747
3 275 720
3 382 693
3 489 666
3 597 639
3 705 612
3 813 585
3 920 558
