0 1760 1016
0 1727 989
0 1693 962
0 1659 935
0 1624 908
0 1590 881
0 1556 854
0 1522 828
0 1487 801
0 1453 774
0 1419 747
0 1385 720
0 1350 693
0 1316 666
0 1282 639
0 1248 612
0 1214 585
0 1180 558
1 335 1016
1 377 989
1 418 962
1 460 935
1 502 908
1 544 881
1 586 854
1 628 828
1 670 801
1 712 774
1 754 747
1 796 720
1 838 693
1 880 666
1 922 639
1 964 612
1 1006 585
1 1048 558
2 37 881
2 115 854
2 193 828
2 272 801
2 350 774
2 428 747
2 506 720
2 584 693
2 662 666
2 740 639
2 818 612
2 896 585
2 975 558
