0 341 1016
0 382 989
0 424 962
0 466 935
0 507 908
0 549 881
0 591 854
0 633 828
0 675 801
0 717 774
0 758 747
0 800 720
0 842 693
0 884 666
0 926 639
0 967 612
0 1009 585
0 1051 558
1 1767 1016
1 1733 989
1 1699 962
1 1665 935
1 1631 908
1 1596 881
1 1562 854
1 1527 828
1 1493 801
1 1458 774
1 1424 747
1 1389 720
1 1355 693
1 1320 666
1 1286 639
1 1251 612
1 1216 585
1 1182 558
2 36 881
2 114 854
2 193 828
2 271 801
2 350 774
2 428 747
2 506 720
2 585 693
2 663 666
2 742 639
2 820 612
2 898 585
2 977 558
3 1119 1016
3 1119 989
3 1120 962
3 1120 935
3 1120 908
3 1120 881
3 1119 854
3 1119 828
3 1119 801
3 1119 774
3 1119 747
3 1119 720
3 1118 693
3 1118 666
3 1118 639
3 1118 612
3 1117 585
3 1117 558
