0 1800 1016
0 1765 989
0 1729 962
0 1693 935
0 1657 908
0 1620 881
0 1584 854
0 1547 828
0 1510 801
0 1474 774
0 1437 747
0 1399 720
0 1362 693
0 1325 666
0 1287 639
0 1250 612
0 1212 585
0 1174 558
1 410 1016
1 447 989
1 484 962
1 521 935
1 559 908
1 596 881
1 634 854
1 671 828
1 709 801
1 746 774
1 784 747
1 821 720
1 859 693
1 897 666
1 934 639
1 972 612
1 1009 585
1 1047 558
2 44 908
2 116 881
2 188 854
2 261 828
2 333 801
2 406 774
2 478 747
2 550 720
2 623 693
2 695 666
2 768 639
2 840 612
2 912 585
2 984 558
