0 418 1016
0 456 989
0 493 962
0 531 935
0 569 908
0 607 881
0 645 854
0 682 828
0 720 801
0 758 774
0 796 747
0 834 720
0 871 693
0 909 666
0 947 639
0 985 612
0 1022 585
0 1060 558
1 1829 1016
1 1793 989
1 1755 962
1 1718 935
1 1680 908
1 1642 881
1 1604 854
1 1566 828
1 1528 801
1 1490 774
1 1452 747
1 1413 720
1 1375 693
1 1336 666
1 1298 639
1 1259 612
1 1221 585
1 1182 558
2 49 881
2 128 854
2 206 828
2 284 801
2 363 774
2 441 747
2 519 720
2 597 693
2 676 666
2 754 639
2 832 612
2 911 585
2 989 558
