0 1773 1016
0 1739 989
0 1705 962
0 1670 935
0 1635 908
0 1600 881
0 1565 854
0 1529 828
0 1494 801
0 1459 774
0 1424 747
0 1388 720
0 1353 693
0 1318 666
0 1282 639
0 1247 612
0 1212 585
0 1177 558
1 348 1016
1 388 989
1 429 962
1 470 935
1 511 908
1 552 881
1 594 854
1 635 828
1 677 801
1 718 774
1 760 747
1 802 720
1 843 693
1 885 666
1 926 639
1 968 612
1 1009 585
1 1051 558
2 26 881
2 107 854
2 187 828
2 268 801
2 349 774
2 429 747
2 510 720
2 590 693
2 671 666
2 751 639
2 832 612
2 913 585
2 993 558
