0 1831 1016
0 1795 989
0 1758 962
0 1721 935
0 1684 908
0 1647 881
0 1609 854
0 1572 828
0 1535 801
0 1498 774
0 1460 747
0 1423 720
0 1386 693
0 1348 666
0 1311 639
0 1273 612
0 1236 585
0 1199 558
1 408 1016
1 445 989
1 483 962
1 520 935
1 558 908
1 596 881
1 633 854
1 671 828
1 708 801
1 746 774
1 784 747
1 821 720
1 859 693
1 897 666
1 934 639
1 972 612
1 1009 585
1 1047 558
2 73 881
2 147 854
2 221 828
2 296 801
2 370 774
2 444 747
2 519 720
2 593 693
2 668 666
2 742 639
2 817 612
2 891 585
2 965 558
