0 1792 1016
0 1757 989
0 1721 962
0 1685 935
0 1649 908
0 1612 881
0 1576 854
0 1539 828
0 1503 801
0 1466 774
0 1430 747
0 1393 720
0 1357 693
0 1320 666
0 1283 639
0 1247 612
0 1210 585
0 1174 558
1 399 1016
1 436 989
1 474 962
1 512 935
1 550 908
1 588 881
1 626 854
1 664 828
1 702 801
1 740 774
1 778 747
1 816 720
1 854 693
1 892 666
1 930 639
1 968 612
1 1006 585
1 1044 558
2 13 881
2 93 854
2 173 828
2 253 801
2 333 774
2 413 747
2 494 720
2 574 693
2 654 666
2 734 639
2 814 612
2 894 585
2 974 558
