0 1967 1016
0 1923 989
0 1879 962
0 1835 935
0 1790 908
0 1746 881
0 1701 854
0 1656 828
0 1611 801
0 1566 774
0 1521 747
0 1475 720
0 1430 693
0 1384 666
0 1339 639
0 1293 612
0 1247 585
0 1201 558
1 560 1016
1 589 989
1 618 962
1 647 935
1 676 908
1 706 881
1 735 854
1 764 828
1 794 801
1 823 774
1 852 747
1 882 720
1 911 693
1 940 666
1 970 639
1 999 612
1 1028 585
1 1057 558
2 0 935
2 70 908
2 139 881
2 209 854
2 279 828
2 349 801
2 418 774
2 488 747
2 558 720
2 628 693
2 698 666
2 767 639
2 837 612
2 907 585
2 976 558
