0 1766 1016
0 1732 989
0 1698 962
0 1663 935
0 1629 908
0 1594 881
0 1559 854
0 1524 828
0 1490 801
0 1455 774
0 1420 747
0 1385 720
0 1351 693
0 1316 666
0 1281 639
0 1247 612
0 1212 585
0 1178 558
1 393 1016
1 430 989
1 469 962
1 507 935
1 545 908
1 584 881
1 623 854
1 661 828
1 700 801
1 739 774
1 777 747
1 816 720
1 855 693
1 894 666
1 932 639
1 971 612
1 1010 585
1 1048 558
2 65 908
2 136 881
2 206 854
2 276 828
2 347 801
2 417 774
2 488 747
2 559 720
2 629 693
2 700 666
2 770 639
2 841 612
2 911 585
2 981 558
