0 366 1016
0 406 989
0 446 962
0 486 935
0 526 908
0 567 881
0 607 854
0 647 828
0 687 801
0 727 774
0 767 747
0 807 720
0 846 693
0 886 666
0 925 639
0 965 612
0 1004 585
0 1043 558
1 1768 1016
1 1734 989
1 1700 962
1 1666 935
1 1632 908
1 1597 881
1 1563 854
1 1528 828
1 1494 801
1 1459 774
1 1424 747
1 1390 720
1 1355 693
1 1321 666
1 1286 639
1 1251 612
1 1217 585
1 1182 558
2 46 908
2 116 881
2 186 854
2 257 828
2 327 801
2 397 774
2 468 747
2 538 720
2 609 693
2 679 666
2 750 639
2 820 612
2 890 585
2 961 558
