0 483 1016
0 516 989
0 548 962
0 581 935
0 614 908
0 647 881
0 680 854
0 714 828
0 747 801
0 780 774
0 813 747
0 846 720
0 879 693
0 912 666
0 946 639
0 979 612
0 1012 585
0 1045 558
1 1877 1016
1 1839 989
1 1799 962
1 1760 935
1 1720 908
1 1680 881
1 1641 854
1 1601 828
1 1560 801
1 1520 774
1 1479 747
1 1438 720
1 1397 693
1 1356 666
1 1314 639
1 1272 612
1 1230 585
1 1186 558
2 32 908
2 105 881
2 178 854
2 250 828
2 323 801
2 396 774
2 469 747
2 542 720
2 614 693
2 687 666
2 760 639
2 833 612
2 906 585
2 978 558
