0 1821 1016
0 1784 989
0 1747 962
0 1710 935
0 1672 908
0 1635 881
0 1597 854
0 1560 828
0 1522 801
0 1484 774
0 1446 747
0 1408 720
0 1370 693
0 1332 666
0 1294 639
0 1256 612
0 1217 585
0 1179 558
1 423 1016
1 459 989
1 496 962
1 533 935
1 570 908
1 607 881
1 644 854
1 681 828
1 719 801
1 756 774
1 793 747
1 831 720
1 868 693
1 906 666
1 944 639
1 981 612
1 1019 585
1 1057 558
2 1179 1016
2 1175 989
2 1171 962
2 1167 935
2 1163 908
2 1159 881
2 1155 854
2 1151 828
2 1147 801
2 1143 774
2 1139 747
2 1135 720
2 1131 693
2 1127 666
2 1123 639
2 1119 612
2 1114 585
2 1110 558
3 3 908
3 79 881
3 155 854
3 231 828
3 308 801
3 384 774
3 461 747
3 537 720
3 614 693
3 690 666
3 767 639
3 843 612
3 920 585
3 996 558
