0 1883 1016
0 1844 989
0 1804 962
0 1764 935
0 1723 908
0 1683 881
0 1642 854
0 1602 828
0 1562 801
0 1521 774
0 1481 747
0 1440 720
0 1400 693
0 1359 666
0 1318 639
0 1278 612
0 1237 585
0 1197 558
1 508 1016
1 539 989
1 571 962
1 603 935
1 636 908
1 668 881
1 700 854
1 733 828
1 765 801
1 798 774
1 830 747
1 863 720
1 895 693
1 928 666
1 960 639
1 992 612
1 1025 585
1 1057 558
2 80 774
2 184 747
2 289 720
2 394 693
2 499 666
2 605 639
2 711 612
2 816 585
2 922 558
3 56 908
3 128 881
3 199 854
3 270 828
3 342 801
3 413 774
3 485 747
3 556 720
3 627 693
3 699 666
3 770 639
3 842 612
3 913 585
3 984 558
