0 425 1016
0 463 989
0 500 962
0 538 935
0 575 908
0 613 881
0 650 854
0 687 828
0 725 801
0 762 774
0 799 747
0 836 720
0 874 693
0 911 666
0 948 639
0 985 612
0 1022 585
0 1059 558
1 1823 1016
1 1786 989
1 1749 962
1 1711 935
1 1674 908
1 1636 881
1 1598 854
1 1560 828
1 1522 801
1 1484 774
1 1445 747
1 1407 720
1 1368 693
1 1329 666
1 1290 639
1 1251 612
1 1211 585
1 1172 558
2 1154 1016
2 1152 989
2 1149 962
2 1147 935
2 1144 908
2 1142 881
2 1140 854
2 1137 828
2 1135 801
2 1132 774
2 1130 747
2 1127 720
2 1125 693
2 1123 666
2 1120 639
2 1118 612
2 1115 585
2 1112 558
