0 1759 1016
0 1726 989
0 1693 962
0 1659 935
0 1625 908
0 1591 881
0 1557 854
0 1523 828
0 1489 801
0 1455 774
0 1421 747
0 1387 720
0 1353 693
0 1319 666
0 1285 639
0 1251 612
0 1217 585
0 1183 558
1 417 1016
1 452 989
1 488 962
1 524 935
1 560 908
1 596 881
1 632 854
1 668 828
1 704 801
1 741 774
1 777 747
1 813 720
1 849 693
1 885 666
1 922 639
1 958 612
1 994 585
1 1031 558
2 1 935
2 69 908
2 136 881
2 204 854
2 272 828
2 339 801
2 407 774
2 475 747
2 542 720
2 610 693
2 678 666
2 745 639
2 813 612
2 881 585
2 948 558
