0 1850 1016
0 1813 989
0 1774 962
0 1736 935
0 1697 908
0 1659 881
0 1620 854
0 1581 828
0 1542 801
0 1503 774
0 1464 747
0 1424 720
0 1385 693
0 1345 666
0 1305 639
0 1265 612
0 1225 585
0 1185 558
1 1240 1016
1 1234 989
1 1228 962
1 1221 935
1 1214 908
1 1208 881
1 1201 854
1 1194 828
1 1187 801
1 1181 774
1 1174 747
1 1167 720
1 1160 693
1 1153 666
1 1146 639
1 1139 612
1 1132 585
1 1125 558
2 451 1016
2 486 989
2 522 962
2 557 935
2 593 908
2 629 881
2 666 854
2 702 828
2 738 801
2 774 774
2 810 747
2 846 720
2 882 693
2 919 666
2 955 639
2 991 612
2 1027 585
2 1062 558
