0 1781 1016
0 1747 989
0 1714 962
0 1680 935
0 1645 908
0 1611 881
0 1577 854
0 1542 828
0 1508 801
0 1473 774
0 1439 747
0 1404 720
0 1369 693
0 1334 666
0 1299 639
0 1264 612
0 1229 585
0 1194 558
1 431 1016
1 466 989
1 502 962
1 538 935
1 573 908
1 609 881
1 646 854
1 682 828
1 718 801
1 754 774
1 791 747
1 828 720
1 864 693
1 901 666
1 938 639
1 975 612
1 1012 585
1 1050 558
2 23 908
2 97 881
2 171 854
2 244 828
2 318 801
2 392 774
2 466 747
2 539 720
2 613 693
2 687 666
2 761 639
2 835 612
2 909 585
2 982 558
