0 1735 1016
0 1704 989
0 1671 962
0 1639 935
0 1606 908
0 1574 881
0 1541 854
0 1508 828
0 1475 801
0 1442 774
0 1409 747
0 1376 720
0 1343 693
0 1309 666
0 1276 639
0 1243 612
0 1209 585
0 1176 558
1 355 1016
1 395 989
1 435 962
1 476 935
1 517 908
1 557 881
1 598 854
1 639 828
1 680 801
1 720 774
1 761 747
1 802 720
1 843 693
1 884 666
1 925 639
1 965 612
1 1006 585
1 1047 558
2 2 908
2 76 881
2 150 854
2 224 828
2 298 801
2 372 774
2 446 747
2 521 720
2 595 693
2 669 666
2 743 639
2 817 612
2 891 585
2 965 558
