0 1850 1016
0 1813 989
0 1774 962
0 1736 935
0 1697 908
0 1658 881
0 1620 854
0 1581 828
0 1542 801
0 1503 774
0 1464 747
0 1425 720
0 1386 693
0 1346 666
0 1307 639
0 1268 612
0 1229 585
0 1190 558
1 484 1016
1 517 989
1 550 962
1 583 935
1 617 908
1 650 881
1 684 854
1 718 828
1 752 801
1 786 774
1 820 747
1 854 720
1 888 693
1 922 666
1 956 639
1 989 612
1 1023 585
1 1057 558
2 31 908
2 103 881
2 176 854
2 249 828
2 322 801
2 395 774
2 468 747
2 541 720
2 614 693
2 687 666
2 760 639
2 833 612
2 906 585
2 979 558
