0 459 1016
0 492 989
0 526 962
0 560 935
0 595 908
0 629 881
0 664 854
0 698 828
0 733 801
0 768 774
0 802 747
0 837 720
0 872 693
0 907 666
0 941 639
0 976 612
0 1011 585
0 1046 558
1 1814 1016
1 1778 989
1 1741 962
1 1704 935
1 1667 908
1 1630 881
1 1593 854
1 1556 828
1 1519 801
1 1481 774
1 1444 747
1 1407 720
1 1369 693
1 1332 666
1 1295 639
1 1257 612
1 1220 585
1 1183 558
2 14 908
2 88 881
2 161 854
2 235 828
2 309 801
2 382 774
2 456 747
2 530 720
2 603 693
2 677 666
2 751 639
2 825 612
2 898 585
2 972 558
3 48 774
3 156 747
3 264 720
3 373 693
3 482 666
3 591 639
3 700 612
3 810 585
3 919 558
