0 1763 1016
0 1729 989
0 1695 962
0 1660 935
0 1626 908
0 1591 881
0 1557 854
0 1522 828
0 1488 801
0 1453 774
0 1419 747
0 1385 720
0 1350 693
0 1316 666
0 1281 639
0 1247 612
0 1213 585
0 1179 558
1 390 1016
1 427 989
1 466 962
1 504 935
1 543 908
1 582 881
1 621 854
1 660 828
1 699 801
1 738 774
1 777 747
1 817 720
1 856 693
1 895 666
1 934 639
1 974 612
1 1013 585
1 1052 558
2 10 908
2 84 881
2 158 854
2 232 828
2 307 801
2 381 774
2 455 747
2 529 720
2 604 693
2 678 666
2 752 639
2 827 612
2 901 585
2 975 558
