0 420 1016
0 457 989
0 495 962
0 532 935
0 570 908
0 607 881
0 645 854
0 682 828
0 720 801
0 758 774
0 795 747
0 833 720
0 871 693
0 908 666
0 946 639
0 983 612
0 1021 585
0 1058 558
1 1849 1016
1 1812 989
1 1773 962
1 1735 935
1 1696 908
1 1658 881
1 1619 854
1 1580 828
1 1541 801
1 1502 774
1 1462 747
1 1423 720
1 1384 693
1 1344 666
1 1305 639
1 1265 612
1 1225 585
1 1185 558
2 1135 1016
2 1133 989
2 1132 962
2 1130 935
2 1129 908
2 1128 881
2 1127 854
2 1126 828
2 1125 801
2 1124 774
2 1123 747
2 1122 720
2 1121 693
2 1120 666
2 1119 639
2 1118 612
2 1116 585
2 1115 558
3 69 774
3 179 747
3 289 720
3 399 693
3 509 666
3 619 639
3 729 612
3 839 585
3 949 558
