0 1813 1016
0 1777 989
0 1740 962
0 1703 935
0 1666 908
0 1629 881
0 1592 854
0 1555 828
0 1518 801
0 1480 774
0 1443 747
0 1406 720
0 1369 693
0 1331 666
0 1294 639
0 1257 612
0 1220 585
0 1183 558
1 398 1016
1 436 989
1 474 962
1 513 935
1 552 908
1 590 881
1 629 854
1 668 828
1 707 801
1 746 774
1 785 747
1 824 720
1 863 693
1 902 666
1 941 639
1 980 612
1 1019 585
1 1058 558
2 39 881
2 118 854
2 197 828
2 276 801
2 355 774
2 434 747
2 513 720
2 592 693
2 671 666
2 750 639
2 829 612
2 908 585
2 987 558
3 1147 1016
3 1145 989
3 1144 962
3 1143 935
3 1141 908
3 1140 881
3 1138 854
3 1137 828
3 1136 801
3 1134 774
3 1133 747
3 1131 720
3 1130 693
3 1128 666
3 1127 639
3 1125 612
3 1123 585
3 1122 558
