0 1746 1016
0 1714 989
0 1680 962
0 1647 935
0 1613 908
0 1579 881
0 1545 854
0 1512 828
0 1478 801
0 1444 774
0 1410 747
0 1376 720
0 1342 693
0 1309 666
0 1275 639
0 1241 612
0 1207 585
0 1173 558
1 322 1016
1 364 989
1 406 962
1 449 935
1 491 908
1 534 881
1 576 854
1 619 828
1 662 801
1 704 774
1 747 747
1 790 720
1 832 693
1 875 666
1 918 639
1 960 612
1 1003 585
1 1045 558
2 839 1016
2 854 989
2 869 962
2 883 935
2 898 908
2 912 881
2 927 854
2 941 828
2 956 801
2 970 774
2 985 747
2 999 720
2 1013 693
2 1028 666
2 1042 639
2 1056 612
2 1071 585
2 1085 558
