0 409 1016
0 445 989
0 482 962
0 519 935
0 555 908
0 592 881
0 629 854
0 666 828
0 703 801
0 740 774
0 777 747
0 814 720
0 851 693
0 888 666
0 925 639
0 962 612
0 999 585
0 1036 558
1 1806 1016
1 1771 989
1 1735 962
1 1699 935
1 1663 908
1 1627 881
1 1591 854
1 1554 828
1 1518 801
1 1481 774
1 1444 747
1 1407 720
1 1370 693
1 1332 666
1 1294 639
1 1257 612
1 1218 585
1 1180 558
2 27 908
2 99 881
2 171 854
2 243 828
2 315 801
2 387 774
2 459 747
2 531 720
2 603 693
2 675 666
2 747 639
2 820 612
2 892 585
2 964 558
