0 400 1016
0 438 989
0 477 962
0 515 935
0 554 908
0 592 881
0 631 854
0 670 828
0 708 801
0 747 774
0 786 747
0 824 720
0 863 693
0 902 666
0 940 639
0 979 612
0 1018 585
0 1057 558
1 1839 1016
1 1802 989
1 1764 962
1 1725 935
1 1687 908
1 1648 881
1 1610 854
1 1571 828
1 1532 801
1 1493 774
1 1454 747
1 1416 720
1 1377 693
1 1338 666
1 1299 639
1 1260 612
1 1221 585
1 1183 558
2 29 774
2 143 747
2 257 720
2 372 693
2 487 666
2 602 639
2 717 612
2 833 585
2 948 558
3 3 908
3 79 881
3 155 854
3 232 828
3 308 801
3 384 774
3 461 747
3 537 720
3 614 693
3 690 666
3 766 639
3 843 612
3 919 585
3 995 558
