0 1759 1016
0 1726 989
0 1692 962
0 1658 935
0 1624 908
0 1590 881
0 1556 854
0 1521 828
0 1487 801
0 1453 774
0 1419 747
0 1384 720
0 1350 693
0 1316 666
0 1281 639
0 1247 612
0 1213 585
0 1179 558
1 420 1016
1 457 989
1 494 962
1 531 935
1 568 908
1 606 881
1 643 854
1 681 828
1 718 801
1 756 774
1 793 747
1 831 720
1 868 693
1 906 666
1 943 639
1 981 612
1 1018 585
1 1056 558
2 16 908
2 90 881
2 164 854
2 239 828
2 313 801
2 387 774
2 462 747
2 536 720
2 611 693
2 685 666
2 759 639
2 834 612
2 908 585
2 982 558
