0 408 1016
0 444 989
0 480 962
0 517 935
0 553 908
0 590 881
0 626 854
0 663 828
0 699 801
0 736 774
0 773 747
0 809 720
0 846 693
0 883 666
0 919 639
0 956 612
0 992 585
0 1029 558
1 1790 1016
1 1755 989
1 1720 962
1 1684 935
1 1649 908
1 1613 881
1 1577 854
1 1541 828
1 1505 801
1 1469 774
1 1432 747
1 1395 720
1 1357 693
1 1319 666
1 1281 639
1 1242 612
1 1203 585
1 1162 558
2 3 908
2 76 881
2 149 854
2 222 828
2 295 801
2 368 774
2 440 747
2 513 720
2 586 693
2 659 666
2 732 639
2 805 612
2 878 585
2 951 558
