0 1786 1016
0 1752 989
0 1717 962
0 1682 935
0 1647 908
0 1612 881
0 1577 854
0 1542 828
0 1507 801
0 1472 774
0 1436 747
0 1401 720
0 1366 693
0 1331 666
0 1295 639
0 1260 612
0 1225 585
0 1190 558
1 394 1016
1 432 989
1 470 962
1 509 935
1 548 908
1 587 881
1 626 854
1 666 828
1 705 801
1 744 774
1 784 747
1 823 720
1 862 693
1 902 666
1 941 639
1 980 612
1 1019 585
1 1058 558
2 54 774
2 164 747
2 275 720
2 385 693
2 497 666
2 608 639
2 720 612
2 832 585
2 943 558
3 2158 774
3 2052 747
3 1946 720
3 1840 693
3 1733 666
3 1627 639
3 1521 612
3 1415 585
3 1308 558
