0 1843 1016
0 1806 989
0 1768 962
0 1730 935
0 1692 908
0 1654 881
0 1616 854
0 1578 828
0 1539 801
0 1501 774
0 1463 747
0 1425 720
0 1386 693
0 1348 666
0 1310 639
0 1271 612
0 1233 585
0 1195 558
1 405 1016
1 442 989
1 480 962
1 518 935
1 557 908
1 595 881
1 633 854
1 671 828
1 710 801
1 748 774
1 786 747
1 825 720
1 863 693
1 902 666
1 940 639
1 978 612
1 1017 585
1 1055 558
2 1095 1016
2 1096 989
2 1098 962
2 1100 935
2 1101 908
2 1103 881
2 1104 854
2 1106 828
2 1108 801
2 1109 774
2 1111 747
2 1112 720
2 1114 693
2 1115 666
2 1117 639
2 1118 612
2 1120 585
2 1121 558
