0 1863 1016
0 1825 989
0 1787 962
0 1748 935
0 1709 908
0 1670 881
0 1630 854
0 1591 828
0 1551 801
0 1512 774
0 1472 747
0 1432 720
0 1392 693
0 1351 666
0 1311 639
0 1270 612
0 1229 585
0 1188 558
1 455 1016
1 489 989
1 523 962
1 557 935
1 592 908
1 626 881
1 661 854
1 695 828
1 730 801
1 764 774
1 799 747
1 833 720
1 868 693
1 902 666
1 937 639
1 971 612
1 1005 585
1 1039 558
2 38 908
2 108 881
2 179 854
2 249 828
2 320 801
2 390 774
2 461 747
2 531 720
2 602 693
2 672 666
2 743 639
2 813 612
2 884 585
2 954 558
