0 1781 1016
0 1747 989
0 1712 962
0 1678 935
0 1643 908
0 1608 881
0 1573 854
0 1539 828
0 1504 801
0 1469 774
0 1434 747
0 1399 720
0 1364 693
0 1329 666
0 1294 639
0 1259 612
0 1224 585
0 1190 558
1 360 1016
1 400 989
1 441 962
1 481 935
1 522 908
1 562 881
1 603 854
1 644 828
1 684 801
1 725 774
1 766 747
1 807 720
1 847 693
1 888 666
1 929 639
1 969 612
1 1009 585
1 1050 558
2 32 881
2 110 854
2 188 828
2 265 801
2 343 774
2 421 747
2 499 720
2 577 693
2 654 666
2 732 639
2 810 612
2 888 585
2 965 558
