0 1790 1016
0 1755 989
0 1719 962
0 1684 935
0 1648 908
0 1613 881
0 1577 854
0 1542 828
0 1506 801
0 1471 774
0 1435 747
0 1399 720
0 1364 693
0 1328 666
0 1292 639
0 1257 612
0 1221 585
0 1185 558
1 430 1016
1 465 989
1 500 962
1 536 935
1 571 908
1 607 881
1 643 854
1 679 828
1 715 801
1 751 774
1 787 747
1 823 720
1 859 693
1 895 666
1 931 639
1 967 612
1 1003 585
1 1039 558
2 21 908
2 93 881
2 165 854
2 238 828
2 311 801
2 383 774
2 456 747
2 529 720
2 601 693
2 674 666
2 747 639
2 820 612
2 892 585
2 965 558
