0 443 1016
0 478 989
0 513 962
0 549 935
0 584 908
0 620 881
0 656 854
0 691 828
0 727 801
0 763 774
0 799 747
0 835 720
0 871 693
0 906 666
0 942 639
0 978 612
0 1014 585
0 1050 558
1 1818 1016
1 1782 989
1 1745 962
1 1708 935
1 1670 908
1 1633 881
1 1595 854
1 1558 828
1 1520 801
1 1483 774
1 1445 747
1 1407 720
1 1370 693
1 1332 666
1 1294 639
1 1257 612
1 1219 585
1 1181 558
2 41 774
2 152 747
2 264 720
2 376 693
2 489 666
2 601 639
2 714 612
2 827 585
2 940 558
3 23 908
3 96 881
3 170 854
3 244 828
3 318 801
3 392 774
3 466 747
3 540 720
3 614 693
3 688 666
3 762 639
3 836 612
3 910 585
3 984 558
