0 1760 1016
0 1727 989
0 1694 962
0 1660 935
0 1626 908
0 1592 881
0 1558 854
0 1524 828
0 1490 801
0 1456 774
0 1422 747
0 1388 720
0 1354 693
0 1321 666
0 1287 639
0 1254 612
0 1221 585
0 1188 558
1 409 1016
1 446 989
1 482 962
1 519 935
1 556 908
1 593 881
1 630 854
1 667 828
1 705 801
1 742 774
1 780 747
1 818 720
1 856 693
1 894 666
1 933 639
1 971 612
1 1011 585
1 1050 558
2 70 881
2 148 854
2 226 828
2 304 801
2 382 774
2 460 747
2 539 720
2 617 693
2 695 666
2 773 639
2 851 612
2 929 585
2 1007 558
