0 1753 1016
0 1721 989
0 1688 962
0 1655 935
0 1622 908
0 1588 881
0 1555 854
0 1522 828
0 1488 801
0 1455 774
0 1421 747
0 1388 720
0 1355 693
0 1321 666
0 1288 639
0 1255 612
0 1221 585
0 1188 558
1 313 1016
1 355 989
1 398 962
1 442 935
1 486 908
1 530 881
1 575 854
1 619 828
1 664 801
1 708 774
1 753 747
1 798 720
1 842 693
1 887 666
1 931 639
1 976 612
1 1020 585
1 1064 558
2 33 881
2 112 854
2 192 828
2 271 801
2 351 774
2 430 747
2 510 720
2 589 693
2 669 666
2 748 639
2 828 612
2 907 585
2 987 558
3 28 774
3 142 747
3 256 720
3 371 693
3 487 666
3 603 639
3 719 612
3 835 585
3 951 558
