0 1781 1016
0 1747 989
0 1712 962
0 1676 935
0 1641 908
0 1605 881
0 1569 854
0 1534 828
0 1498 801
0 1462 774
0 1426 747
0 1391 720
0 1355 693
0 1319 666
0 1283 639
0 1247 612
0 1212 585
0 1176 558
1 370 1016
1 409 989
1 448 962
1 487 935
1 527 908
1 566 881
1 606 854
1 645 828
1 685 801
1 724 774
1 764 747
1 803 720
1 843 693
1 882 666
1 921 639
1 961 612
1 1000 585
1 1039 558
2 878 1016
2 890 989
2 903 962
2 916 935
2 928 908
2 940 881
2 953 854
2 965 828
2 978 801
2 990 774
2 1002 747
2 1015 720
2 1027 693
2 1039 666
2 1052 639
2 1064 612
2 1076 585
2 1088 558
