0 1768 1016
0 1735 989
0 1701 962
0 1668 935
0 1634 908
0 1600 881
0 1566 854
0 1532 828
0 1498 801
0 1464 774
0 1429 747
0 1394 720
0 1360 693
0 1324 666
0 1289 639
0 1254 612
0 1218 585
0 1182 558
1 412 1016
1 449 989
1 486 962
1 524 935
1 561 908
1 599 881
1 637 854
1 675 828
1 712 801
1 750 774
1 788 747
1 826 720
1 864 693
1 902 666
1 940 639
1 978 612
1 1015 585
1 1053 558
2 42 881
2 121 854
2 200 828
2 279 801
2 358 774
2 437 747
2 516 720
2 595 693
2 674 666
2 753 639
2 832 612
2 911 585
2 990 558
3 116 747
3 232 720
3 348 693
3 466 666
3 583 639
3 701 612
3 819 585
3 936 558
