0 269 1016
0 313 989
0 358 962
0 404 935
0 449 908
0 495 881
0 541 854
0 587 828
0 633 801
0 679 774
0 725 747
0 772 720
0 818 693
0 864 666
0 910 639
0 956 612
0 1002 585
0 1048 558
1 1708 1016
1 1679 989
1 1648 962
1 1618 935
1 1587 908
1 1556 881
1 1525 854
1 1494 828
1 1464 801
1 1433 774
1 1402 747
1 1372 720
1 1341 693
1 1311 666
1 1280 639
1 1250 612
1 1220 585
1 1190 558
2 98 747
2 215 720
2 333 693
2 451 666
2 569 639
2 688 612
2 807 585
2 925 558
3 37 881
3 116 854
3 194 828
3 273 801
3 352 774
3 431 747
3 510 720
3 588 693
3 667 666
3 746 639
3 825 612
3 904 585
3 982 558
