0 1812 1016
0 1776 989
0 1740 962
0 1703 935
0 1666 908
0 1629 881
0 1592 854
0 1555 828
0 1518 801
0 1481 774
0 1444 747
0 1406 720
0 1369 693
0 1332 666
0 1295 639
0 1258 612
0 1220 585
0 1183 558
1 450 1016
1 484 989
1 519 962
1 553 935
1 589 908
1 624 881
1 659 854
1 695 828
1 730 801
1 766 774
1 801 747
1 837 720
1 872 693
1 908 666
1 944 639
1 979 612
1 1014 585
1 1050 558
2 24 908
2 96 881
2 169 854
2 241 828
2 314 801
2 386 774
2 459 747
2 532 720
2 604 693
2 677 666
2 750 639
2 822 612
2 895 585
2 968 558
