0 1749 1016
0 1717 989
0 1684 962
0 1650 935
0 1617 908
0 1583 881
0 1549 854
0 1515 828
0 1481 801
0 1448 774
0 1414 747
0 1379 720
0 1345 693
0 1311 666
0 1277 639
0 1243 612
0 1209 585
0 1175 558
1 350 1016
1 389 989
1 430 962
1 470 935
1 511 908
1 552 881
1 592 854
1 633 828
1 674 801
1 715 774
1 756 747
1 797 720
1 838 693
1 879 666
1 920 639
1 961 612
1 1002 585
1 1043 558
2 74 854
2 156 828
2 239 801
2 322 774
2 404 747
2 487 720
2 570 693
2 652 666
2 735 639
2 818 612
2 900 585
2 983 558
