0 1822 1016
0 1786 989
0 1749 962
0 1712 935
0 1674 908
0 1637 881
0 1599 854
0 1562 828
0 1524 801
0 1486 774
0 1449 747
0 1411 720
0 1373 693
0 1335 666
0 1297 639
0 1259 612
0 1220 585
0 1182 558
1 433 1016
1 469 989
1 505 962
1 542 935
1 579 908
1 616 881
1 653 854
1 690 828
1 728 801
1 765 774
1 802 747
1 839 720
1 877 693
1 914 666
1 951 639
1 989 612
1 1026 585
1 1063 558
2 42 774
2 154 747
2 267 720
2 380 693
2 494 666
2 608 639
2 722 612
2 837 585
2 951 558
3 25 908
3 101 881
3 178 854
3 254 828
3 330 801
3 407 774
3 483 747
3 559 720
3 636 693
3 712 666
3 788 639
3 865 612
3 941 585
3 1017 558
