0 1809 1016
0 1773 989
0 1737 962
0 1700 935
0 1663 908
0 1626 881
0 1589 854
0 1552 828
0 1515 801
0 1478 774
0 1441 747
0 1404 720
0 1367 693
0 1330 666
0 1293 639
0 1256 612
0 1219 585
0 1182 558
1 398 1016
1 436 989
1 474 962
1 513 935
1 552 908
1 590 881
1 629 854
1 668 828
1 706 801
1 745 774
1 784 747
1 823 720
1 861 693
1 900 666
1 939 639
1 977 612
1 1016 585
1 1055 558
2 46 881
2 124 854
2 202 828
2 279 801
2 357 774
2 435 747
2 512 720
2 590 693
2 667 666
2 745 639
2 823 612
2 901 585
2 978 558
