0 388 1016
0 427 989
0 465 962
0 504 935
0 543 908
0 582 881
0 621 854
0 661 828
0 700 801
0 739 774
0 778 747
0 817 720
0 856 693
0 895 666
0 934 639
0 973 612
0 1012 585
0 1051 558
1 1801 1016
1 1766 989
1 1730 962
1 1693 935
1 1657 908
1 1620 881
1 1583 854
1 1547 828
1 1510 801
1 1473 774
1 1436 747
1 1399 720
1 1362 693
1 1324 666
1 1287 639
1 1250 612
1 1212 585
1 1174 558
2 19 908
2 94 881
2 169 854
2 244 828
2 319 801
2 394 774
2 469 747
2 544 720
2 619 693
2 694 666
2 769 639
2 844 612
2 919 585
2 994 558
