0 354 1016
0 395 989
0 436 962
0 476 935
0 517 908
0 558 881
0 599 854
0 640 828
0 681 801
0 722 774
0 763 747
0 804 720
0 845 693
0 886 666
0 927 639
0 968 612
0 1009 585
0 1050 558
1 1763 1016
1 1729 989
1 1695 962
1 1661 935
1 1627 908
1 1592 881
1 1557 854
1 1523 828
1 1488 801
1 1453 774
1 1418 747
1 1384 720
1 1349 693
1 1314 666
1 1279 639
1 1244 612
1 1210 585
1 1175 558
2 880 1016
2 892 989
2 904 962
2 916 935
2 929 908
2 941 881
2 953 854
2 966 828
2 978 801
2 991 774
2 1003 747
2 1015 720
2 1028 693
2 1040 666
2 1052 639
2 1065 612
2 1077 585
2 1089 558
