0 409 1016
0 447 989
0 485 962
0 523 935
0 561 908
0 599 881
0 637 854
0 675 828
0 713 801
0 752 774
0 790 747
0 828 720
0 866 693
0 905 666
0 943 639
0 981 612
0 1019 585
0 1058 558
1 1824 1016
1 1788 989
1 1751 962
1 1714 935
1 1676 908
1 1639 881
1 1602 854
1 1565 828
1 1527 801
1 1490 774
1 1453 747
1 1415 720
1 1378 693
1 1340 666
1 1303 639
1 1265 612
1 1228 585
1 1191 558
2 8 908
2 82 881
2 157 854
2 232 828
2 307 801
2 382 774
2 456 747
2 531 720
2 606 693
2 681 666
2 756 639
2 831 612
2 906 585
2 980 558
