0 1766 1016
0 1733 989
0 1699 962
0 1665 935
0 1631 908
0 1597 881
0 1562 854
0 1528 828
0 1494 801
0 1459 774
0 1425 747
0 1391 720
0 1356 693
0 1322 666
0 1288 639
0 1253 612
0 1219 585
0 1185 558
1 394 1016
1 431 989
1 468 962
1 506 935
1 544 908
1 583 881
1 621 854
1 659 828
1 698 801
1 736 774
1 774 747
1 813 720
1 851 693
1 890 666
1 928 639
1 966 612
1 1005 585
1 1043 558
2 904 1016
2 915 989
2 926 962
2 937 935
2 949 908
2 960 881
2 971 854
2 982 828
2 993 801
2 1005 774
2 1016 747
2 1027 720
2 1039 693
2 1050 666
2 1061 639
2 1072 612
2 1084 585
2 1095 558
