0 362 1016
0 403 989
0 443 962
0 483 935
0 523 908
0 564 881
0 604 854
0 645 828
0 685 801
0 726 774
0 766 747
0 807 720
0 848 693
0 888 666
0 929 639
0 969 612
0 1010 585
0 1050 558
1 1773 1016
1 1739 989
1 1704 962
1 1669 935
1 1635 908
1 1600 881
1 1565 854
1 1530 828
1 1495 801
1 1460 774
1 1425 747
1 1390 720
1 1355 693
1 1319 666
1 1284 639
1 1249 612
1 1214 585
1 1179 558
2 881 1016
2 893 989
2 905 962
2 918 935
2 930 908
2 943 881
2 956 854
2 968 828
2 981 801
2 994 774
2 1006 747
2 1019 720
2 1032 693
2 1044 666
2 1057 639
2 1070 612
2 1082 585
2 1095 558
