0 395 1016
0 434 989
0 474 962
0 513 935
0 553 908
0 592 881
0 632 854
0 671 828
0 711 801
0 750 774
0 790 747
0 829 720
0 869 693
0 908 666
0 947 639
0 987 612
0 1026 585
0 1065 558
1 1786 1016
1 1751 989
1 1716 962
1 1681 935
1 1645 908
1 1610 881
1 1574 854
1 1539 828
1 1503 801
1 1468 774
1 1433 747
1 1397 720
1 1362 693
1 1327 666
1 1292 639
1 1257 612
1 1222 585
1 1187 558
2 25 908
2 99 881
2 174 854
2 248 828
2 322 801
2 397 774
2 471 747
2 546 720
2 620 693
2 694 666
2 769 639
2 843 612
2 917 585
2 991 558
3 61 774
3 171 747
3 282 720
3 392 693
3 503 666
3 615 639
3 726 612
3 838 585
3 950 558
