0 1818 1016
0 1782 989
0 1745 962
0 1707 935
0 1670 908
0 1632 881
0 1595 854
0 1557 828
0 1519 801
0 1481 774
0 1443 747
0 1405 720
0 1367 693
0 1329 666
0 1291 639
0 1253 612
0 1214 585
0 1176 558
1 408 1016
1 446 989
1 483 962
1 521 935
1 560 908
1 598 881
1 636 854
1 674 828
1 712 801
1 751 774
1 789 747
1 827 720
1 866 693
1 904 666
1 942 639
1 981 612
1 1019 585
1 1057 558
2 31 881
2 111 854
2 191 828
2 271 801
2 351 774
2 431 747
2 511 720
2 592 693
2 672 666
2 752 639
2 832 612
2 912 585
2 993 558
