0 1857 1016
0 1819 989
0 1780 962
0 1741 935
0 1702 908
0 1662 881
0 1622 854
0 1583 828
0 1543 801
0 1503 774
0 1463 747
0 1423 720
0 1383 693
0 1343 666
0 1302 639
0 1262 612
0 1222 585
0 1181 558
1 547 1016
1 576 989
1 606 962
1 636 935
1 665 908
1 695 881
1 725 854
1 755 828
1 784 801
1 814 774
1 844 747
1 874 720
1 904 693
1 934 666
1 964 639
1 994 612
1 1024 585
1 1053 558
2 1 935
2 71 908
2 140 881
2 211 854
2 281 828
2 352 801
2 423 774
2 494 747
2 565 720
2 636 693
2 707 666
2 778 639
2 849 612
2 920 585
2 991 558
