0 427 1016
0 463 989
0 500 962
0 537 935
0 574 908
0 611 881
0 648 854
0 685 828
0 722 801
0 759 774
0 796 747
0 833 720
0 871 693
0 908 666
0 945 639
0 982 612
0 1019 585
0 1056 558
1 1840 1016
1 1803 989
1 1765 962
1 1727 935
1 1688 908
1 1649 881
1 1610 854
1 1572 828
1 1533 801
1 1494 774
1 1455 747
1 1416 720
1 1377 693
1 1337 666
1 1298 639
1 1259 612
1 1219 585
1 1180 558
2 49 774
2 161 747
2 273 720
2 386 693
2 498 666
2 611 639
2 723 612
2 836 585
2 949 558
3 1152 1016
3 1150 989
3 1149 962
3 1147 935
3 1144 908
3 1142 881
3 1140 854
3 1138 828
3 1135 801
3 1133 774
3 1131 747
3 1129 720
3 1126 693
3 1124 666
3 1122 639
3 1119 612
3 1117 585
3 1115 558
