0 387 1016
0 425 989
0 464 962
0 503 935
0 542 908
0 582 881
0 621 854
0 661 828
0 701 801
0 740 774
0 780 747
0 820 720
0 859 693
0 899 666
0 939 639
0 978 612
0 1018 585
0 1057 558
1 1790 1016
1 1755 989
1 1720 962
1 1685 935
1 1650 908
1 1614 881
1 1579 854
1 1543 828
1 1508 801
1 1472 774
1 1437 747
1 1401 720
1 1365 693
1 1330 666
1 1294 639
1 1258 612
1 1222 585
1 1186 558
2 28 774
2 141 747
2 254 720
2 368 693
2 482 666
2 596 639
2 710 612
2 825 585
2 940 558
3 1135 1016
3 1135 989
3 1134 962
3 1133 935
3 1133 908
3 1132 881
3 1132 854
3 1131 828
3 1131 801
3 1130 774
3 1130 747
3 1129 720
3 1128 693
3 1128 666
3 1127 639
3 1126 612
3 1125 585
3 1124 558
