0 1764 1016
0 1731 989
0 1697 962
0 1663 935
0 1629 908
0 1595 881
0 1561 854
0 1527 828
0 1493 801
0 1458 774
0 1424 747
0 1390 720
0 1355 693
0 1321 666
0 1286 639
0 1252 612
0 1218 585
0 1183 558
1 39 881
1 119 854
1 198 828
1 278 801
1 357 774
1 436 747
1 516 720
1 595 693
1 674 666
1 754 639
1 833 612
1 912 585
1 992 558
2 335 1016
2 376 989
2 418 962
2 460 935
2 502 908
2 544 881
2 586 854
2 629 828
2 671 801
2 713 774
2 756 747
2 798 720
2 840 693
2 883 666
2 925 639
2 968 612
2 1010 585
2 1052 558
