0 520 1016
0 552 989
0 584 962
0 615 935
0 647 908
0 679 881
0 711 854
0 743 828
0 775 801
0 807 774
0 839 747
0 871 720
0 903 693
0 935 666
0 967 639
0 999 612
0 1030 585
0 1062 558
1 1829 1016
1 1792 989
1 1755 962
1 1717 935
1 1679 908
1 1641 881
1 1603 854
1 1565 828
1 1527 801
1 1488 774
1 1450 747
1 1411 720
1 1372 693
1 1333 666
1 1294 639
1 1255 612
1 1216 585
1 1177 558
2 1109 1016
2 1110 989
2 1111 962
2 1111 935
2 1112 908
2 1112 881
2 1112 854
2 1113 828
2 1113 801
2 1113 774
2 1113 747
2 1114 720
2 1114 693
2 1114 666
2 1114 639
2 1114 612
2 1115 585
2 1115 558
