0 1667 1016
0 1638 989
0 1608 962
0 1579 935
0 1549 908
0 1520 881
0 1490 854
0 1460 828
0 1431 801
0 1401 774
0 1372 747
0 1342 720
0 1312 693
0 1283 666
0 1253 639
0 1224 612
0 1194 585
0 1165 558
1 267 1016
1 311 989
1 356 962
1 402 935
1 448 908
1 493 881
1 539 854
1 585 828
1 631 801
1 677 774
1 723 747
1 768 720
1 814 693
1 860 666
1 906 639
1 952 612
1 998 585
1 1044 558
2 681 1016
2 703 989
2 726 962
2 749 935
2 773 908
2 796 881
2 820 854
2 844 828
2 867 801
2 891 774
2 915 747
2 938 720
2 962 693
2 986 666
2 1010 639
2 1033 612
2 1056 585
2 1080 558
