0 1685 1016
0 1656 989
0 1625 962
0 1595 935
0 1565 908
0 1534 881
0 1504 854
0 1473 828
0 1443 801
0 1412 774
0 1382 747
0 1351 720
0 1321 693
0 1290 666
0 1260 639
0 1229 612
0 1199 585
0 1168 558
1 274 1016
1 318 989
1 362 962
1 407 935
1 451 908
1 496 881
1 541 854
1 586 828
1 631 801
1 676 774
1 720 747
1 766 720
1 811 693
1 856 666
1 901 639
1 945 612
1 990 585
1 1035 558
2 704 1016
2 725 989
2 746 962
2 768 935
2 789 908
2 811 881
2 833 854
2 855 828
2 877 801
2 899 774
2 920 747
2 942 720
2 964 693
2 986 666
2 1008 639
2 1030 612
2 1052 585
2 1074 558
