0 323 1016
0 365 989
0 407 962
0 449 935
0 492 908
0 534 881
0 577 854
0 619 828
0 662 801
0 705 774
0 747 747
0 790 720
0 832 693
0 875 666
0 917 639
0 960 612
0 1002 585
0 1044 558
1 1717 1016
1 1686 989
1 1654 962
1 1622 935
1 1589 908
1 1557 881
1 1525 854
1 1493 828
1 1461 801
1 1429 774
1 1397 747
1 1364 720
1 1332 693
1 1300 666
1 1268 639
1 1236 612
1 1203 585
1 1171 558
2 27 881
2 106 854
2 185 828
2 264 801
2 343 774
2 423 747
2 502 720
2 580 693
2 659 666
2 738 639
2 817 612
2 896 585
2 975 558
