0 1921 1016
0 1879 989
0 1836 962
0 1794 935
0 1751 908
0 1707 881
0 1664 854
0 1621 828
0 1578 801
0 1535 774
0 1491 747
0 1448 720
0 1405 693
0 1361 666
0 1318 639
0 1274 612
0 1231 585
0 1188 558
1 603 1016
1 629 989
1 656 962
1 683 935
1 710 908
1 737 881
1 764 854
1 791 828
1 819 801
1 846 774
1 873 747
1 901 720
1 928 693
1 956 666
1 983 639
1 1011 612
1 1038 585
1 1066 558
2 916 1016
2 926 989
2 937 962
2 947 935
2 958 908
2 969 881
2 979 854
2 990 828
2 1001 801
2 1011 774
2 1022 747
2 1032 720
2 1043 693
2 1054 666
2 1064 639
2 1075 612
2 1085 585
2 1095 558
