0 336 1016
0 376 989
0 417 962
0 458 935
0 499 908
0 540 881
0 582 854
0 623 828
0 664 801
0 705 774
0 747 747
0 788 720
0 829 693
0 870 666
0 911 639
0 953 612
0 994 585
0 1034 558
1 1751 1016
1 1718 989
1 1684 962
1 1649 935
1 1615 908
1 1580 881
1 1546 854
1 1511 828
1 1476 801
1 1442 774
1 1407 747
1 1371 720
1 1336 693
1 1301 666
1 1265 639
1 1229 612
1 1193 585
1 1157 558
2 69 854
2 150 828
2 232 801
2 313 774
2 394 747
2 475 720
2 557 693
2 638 666
2 719 639
2 801 612
2 882 585
2 963 558
