0 425 1016
0 462 989
0 499 962
0 537 935
0 574 908
0 612 881
0 649 854
0 687 828
0 724 801
0 762 774
0 799 747
0 837 720
0 874 693
0 912 666
0 949 639
0 987 612
0 1024 585
0 1061 558
1 1764 1016
1 1731 989
1 1697 962
1 1663 935
1 1628 908
1 1594 881
1 1560 854
1 1525 828
1 1490 801
1 1456 774
1 1421 747
1 1385 720
1 1350 693
1 1314 666
1 1279 639
1 1243 612
1 1207 585
1 1170 558
2 1211 1016
2 1206 989
2 1200 962
2 1195 935
2 1189 908
2 1183 881
2 1178 854
2 1172 828
2 1166 801
2 1160 774
2 1154 747
2 1149 720
2 1143 693
2 1137 666
2 1131 639
2 1125 612
2 1120 585
2 1114 558
