0 1733 1016
0 1701 989
0 1669 962
0 1636 935
0 1603 908
0 1570 881
0 1537 854
0 1504 828
0 1470 801
0 1437 774
0 1404 747
0 1371 720
0 1337 693
0 1304 666
0 1270 639
0 1236 612
0 1203 585
0 1169 558
1 450 1016
1 485 989
1 520 962
1 555 935
1 590 908
1 625 881
1 660 854
1 695 828
1 729 801
1 764 774
1 799 747
1 834 720
1 869 693
1 904 666
1 939 639
1 974 612
1 1009 585
1 1044 558
2 1110 1016
2 1111 989
2 1112 962
2 1113 935
2 1113 908
2 1113 881
2 1112 854
2 1112 828
2 1112 801
2 1111 774
2 1111 747
2 1110 720
2 1110 693
2 1109 666
2 1109 639
2 1108 612
2 1107 585
2 1106 558
