0 1691 1016
0 1662 989
0 1632 962
0 1602 935
0 1571 908
0 1541 881
0 1511 854
0 1480 828
0 1450 801
0 1419 774
0 1389 747
0 1359 720
0 1328 693
0 1298 666
0 1268 639
0 1237 612
0 1207 585
0 1177 558
1 282 1016
1 324 989
1 369 962
1 413 935
1 458 908
1 504 881
1 549 854
1 595 828
1 640 801
1 686 774
1 731 747
1 777 720
1 823 693
1 869 666
1 914 639
1 960 612
1 1005 585
1 1050 558
2 15 854
2 103 828
2 190 801
2 278 774
2 366 747
2 454 720
2 541 693
2 629 666
2 717 639
2 804 612
2 892 585
2 980 558
