0 463 1016
0 498 989
0 533 962
0 568 935
0 603 908
0 639 881
0 674 854
0 709 828
0 745 801
0 780 774
0 815 747
0 851 720
0 886 693
0 922 666
0 957 639
0 992 612
0 1027 585
0 1062 558
1 1809 1016
1 1773 989
1 1736 962
1 1699 935
1 1661 908
1 1624 881
1 1586 854
1 1549 828
1 1511 801
1 1474 774
1 1436 747
1 1398 720
1 1360 693
1 1322 666
1 1284 639
1 1246 612
1 1207 585
1 1169 558
2 1156 1016
2 1153 989
2 1150 962
2 1148 935
2 1145 908
2 1143 881
2 1140 854
2 1138 828
2 1135 801
2 1132 774
2 1130 747
2 1127 720
2 1125 693
2 1122 666
2 1119 639
2 1117 612
2 1114 585
2 1111 558
