0 410 1016
0 448 989
0 486 962
0 524 935
0 563 908
0 601 881
0 639 854
0 677 828
0 716 801
0 754 774
0 792 747
0 830 720
0 869 693
0 907 666
0 945 639
0 983 612
0 1021 585
0 1059 558
1 1788 1016
1 1754 989
1 1720 962
1 1685 935
1 1650 908
1 1615 881
1 1580 854
1 1545 828
1 1510 801
1 1475 774
1 1439 747
1 1403 720
1 1368 693
1 1331 666
1 1295 639
1 1259 612
1 1222 585
1 1185 558
2 42 881
2 121 854
2 200 828
2 279 801
2 358 774
2 436 747
2 515 720
2 594 693
2 672 666
2 751 639
2 830 612
2 909 585
2 987 558
