0 381 1016
0 419 989
0 457 962
0 496 935
0 534 908
0 573 881
0 611 854
0 650 828
0 689 801
0 727 774
0 766 747
0 805 720
0 844 693
0 883 666
0 921 639
0 960 612
0 999 585
0 1038 558
1 1707 1016
1 1677 989
1 1645 962
1 1614 935
1 1582 908
1 1550 881
1 1518 854
1 1487 828
1 1455 801
1 1423 774
1 1391 747
1 1359 720
1 1326 693
1 1294 666
1 1262 639
1 1230 612
1 1197 585
1 1165 558
2 2156 801
2 2058 774
2 1960 747
2 1862 720
2 1764 693
2 1666 666
2 1568 639
2 1470 612
2 1371 585
2 1273 558
3 54 747
3 178 720
3 302 693
3 426 666
3 550 639
3 675 612
3 799 585
3 924 558
