0 1787 1016
0 1753 989
0 1718 962
0 1683 935
0 1647 908
0 1612 881
0 1577 854
0 1541 828
0 1506 801
0 1470 774
0 1434 747
0 1398 720
0 1361 693
0 1324 666
0 1287 639
0 1250 612
0 1212 585
0 1174 558
1 431 1016
1 466 989
1 502 962
1 538 935
1 574 908
1 609 881
1 645 854
1 681 828
1 717 801
1 753 774
1 789 747
1 825 720
1 861 693
1 897 666
1 933 639
1 969 612
1 1005 585
1 1041 558
2 35 774
2 146 747
2 258 720
2 369 693
2 481 666
2 593 639
2 706 612
2 818 585
2 930 558
3 2111 774
3 2006 747
3 1900 720
3 1795 693
3 1689 666
3 1584 639
3 1478 612
3 1372 585
3 1266 558
