0 1707 1016
0 1676 989
0 1644 962
0 1612 935
0 1580 908
0 1549 881
0 1517 854
0 1485 828
0 1453 801
0 1421 774
0 1389 747
0 1357 720
0 1326 693
0 1294 666
0 1262 639
0 1230 612
0 1199 585
0 1167 558
1 299 1016
1 343 989
1 387 962
1 432 935
1 476 908
1 520 881
1 564 854
1 609 828
1 653 801
1 696 774
1 740 747
1 784 720
1 827 693
1 871 666
1 914 639
1 956 612
1 999 585
1 1041 558
2 8 908
2 82 881
2 157 854
2 232 828
2 306 801
2 381 774
2 456 747
2 530 720
2 605 693
2 680 666
2 754 639
2 829 612
2 903 585
2 978 558
