0 1719 1016
0 1688 989
0 1657 962
0 1625 935
0 1593 908
0 1561 881
0 1529 854
0 1497 828
0 1465 801
0 1433 774
0 1401 747
0 1368 720
0 1336 693
0 1304 666
0 1272 639
0 1240 612
0 1207 585
0 1175 558
1 327 1016
1 367 989
1 409 962
1 451 935
1 493 908
1 535 881
1 577 854
1 620 828
1 662 801
1 705 774
1 748 747
1 790 720
1 833 693
1 875 666
1 918 639
1 960 612
1 1002 585
1 1045 558
2 993 1016
2 999 989
2 1005 962
2 1012 935
2 1018 908
2 1025 881
2 1031 854
2 1037 828
2 1044 801
2 1050 774
2 1057 747
2 1063 720
2 1070 693
2 1076 666
2 1082 639
2 1089 612
2 1095 585
2 1101 558
