0 1822 1016
0 1786 989
0 1748 962
0 1711 935
0 1674 908
0 1637 881
0 1600 854
0 1563 828
0 1526 801
0 1489 774
0 1452 747
0 1415 720
0 1378 693
0 1341 666
0 1304 639
0 1268 612
0 1231 585
0 1195 558
1 414 1016
1 451 989
1 489 962
1 527 935
1 565 908
1 603 881
1 641 854
1 679 828
1 717 801
1 755 774
1 793 747
1 831 720
1 869 693
1 907 666
1 945 639
1 983 612
1 1021 585
1 1059 558
2 106 747
2 223 720
2 340 693
2 458 666
2 575 639
2 693 612
2 812 585
2 930 558
3 2123 774
3 2020 747
3 1917 720
3 1815 693
3 1712 666
3 1609 639
3 1505 612
3 1402 585
3 1299 558
