0 1849 1016
0 1811 989
0 1772 962
0 1733 935
0 1694 908
0 1654 881
0 1614 854
0 1574 828
0 1534 801
0 1494 774
0 1454 747
0 1413 720
0 1372 693
0 1332 666
0 1290 639
0 1249 612
0 1208 585
0 1166 558
1 488 1016
1 520 989
1 552 962
1 583 935
1 615 908
1 647 881
1 679 854
1 711 828
1 743 801
1 775 774
1 807 747
1 839 720
1 871 693
1 903 666
1 935 639
1 967 612
1 999 585
1 1030 558
2 2139 774
2 2031 747
2 1924 720
2 1816 693
2 1708 666
2 1600 639
2 1492 612
2 1384 585
2 1276 558
3 50 774
3 157 747
3 263 720
3 371 693
3 478 666
3 586 639
3 694 612
3 802 585
3 909 558
