0 1813 1016
0 1777 989
0 1741 962
0 1704 935
0 1667 908
0 1630 881
0 1593 854
0 1556 828
0 1520 801
0 1483 774
0 1446 747
0 1409 720
0 1372 693
0 1336 666
0 1299 639
0 1263 612
0 1227 585
0 1191 558
1 338 1016
1 379 989
1 421 962
1 462 935
1 505 908
1 547 881
1 589 854
1 632 828
1 674 801
1 717 774
1 759 747
1 801 720
1 844 693
1 886 666
1 929 639
1 971 612
1 1013 585
1 1056 558
2 82 747
2 204 720
2 325 693
2 447 666
2 569 639
2 691 612
2 814 585
2 936 558
3 2118 774
3 2015 747
3 1912 720
3 1809 693
3 1706 666
3 1603 639
3 1500 612
3 1396 585
3 1293 558
