0 1750 1016
0 1717 989
0 1685 962
0 1651 935
0 1618 908
0 1585 881
0 1552 854
0 1518 828
0 1485 801
0 1452 774
0 1418 747
0 1385 720
0 1352 693
0 1319 666
0 1285 639
0 1252 612
0 1219 585
0 1186 558
1 304 1016
1 347 989
1 391 962
1 435 935
1 479 908
1 523 881
1 568 854
1 612 828
1 657 801
1 702 774
1 746 747
1 791 720
1 836 693
1 881 666
1 926 639
1 970 612
1 1015 585
1 1059 558
2 86 747
2 209 720
2 332 693
2 455 666
2 578 639
2 701 612
2 825 585
3 2189 801
3 2091 774
3 1993 747
3 1895 720
3 1796 693
3 1698 666
3 1600 639
3 1501 612
3 1402 585
3 1303 558
