0 1874 1016
0 1834 989
0 1794 962
0 1753 935
0 1713 908
0 1672 881
0 1631 854
0 1590 828
0 1549 801
0 1508 774
0 1467 747
0 1426 720
0 1384 693
0 1342 666
0 1301 639
0 1259 612
0 1217 585
0 1174 558
1 65 774
1 173 747
1 282 720
1 391 693
1 500 666
1 608 639
1 717 612
1 827 585
1 936 558
2 474 1016
2 506 989
2 539 962
2 573 935
2 606 908
2 639 881
2 672 854
2 705 828
2 739 801
2 772 774
2 805 747
2 839 720
2 872 693
2 905 666
2 939 639
2 972 612
2 1005 585
2 1039 558
3 2114 774
3 2009 747
3 1903 720
3 1796 693
3 1690 666
3 1584 639
3 1478 612
3 1372 585
3 1265 558
