0 459 1016
0 493 989
0 528 962
0 562 935
0 597 908
0 632 881
0 667 854
0 702 828
0 737 801
0 772 774
0 807 747
0 842 720
0 877 693
0 912 666
0 947 639
0 982 612
0 1017 585
0 1052 558
1 1763 1016
1 1730 989
1 1696 962
1 1662 935
1 1628 908
1 1594 881
1 1559 854
1 1525 828
1 1491 801
1 1456 774
1 1422 747
1 1387 720
1 1353 693
1 1318 666
1 1284 639
1 1249 612
1 1215 585
1 1181 558
2 52 908
2 125 881
2 197 854
2 270 828
2 343 801
2 416 774
2 489 747
2 562 720
2 634 693
2 707 666
2 780 639
2 853 612
2 926 585
2 998 558
