0 1757 1016
0 1724 989
0 1691 962
0 1657 935
0 1624 908
0 1590 881
0 1556 854
0 1522 828
0 1488 801
0 1454 774
0 1419 747
0 1385 720
0 1351 693
0 1316 666
0 1281 639
0 1246 612
0 1211 585
0 1176 558
1 421 1016
1 457 989
1 493 962
1 529 935
1 565 908
1 601 881
1 637 854
1 674 828
1 710 801
1 746 774
1 783 747
1 819 720
1 856 693
1 893 666
1 929 639
1 966 612
1 1002 585
1 1039 558
2 831 1016
2 845 989
2 860 962
2 875 935
2 889 908
2 904 881
2 919 854
2 934 828
2 949 801
2 964 774
2 979 747
2 994 720
2 1009 693
2 1024 666
2 1039 639
2 1054 612
2 1068 585
2 1083 558
