0 1719 1016
0 1688 989
0 1656 962
0 1624 935
0 1592 908
0 1559 881
0 1527 854
0 1495 828
0 1462 801
0 1430 774
0 1398 747
0 1365 720
0 1333 693
0 1300 666
0 1268 639
0 1235 612
0 1203 585
0 1170 558
1 352 1016
1 391 989
1 430 962
1 470 935
1 511 908
1 551 881
1 592 854
1 633 828
1 673 801
1 714 774
1 755 747
1 796 720
1 837 693
1 878 666
1 919 639
1 959 612
1 1000 585
1 1040 558
2 745 1016
2 764 989
2 783 962
2 802 935
2 822 908
2 841 881
2 861 854
2 881 828
2 900 801
2 920 774
2 940 747
2 959 720
2 979 693
2 999 666
2 1019 639
2 1038 612
2 1057 585
2 1077 558
