0 1878 1016
0 1838 989
0 1797 962
0 1757 935
0 1716 908
0 1674 881
0 1633 854
0 1592 828
0 1551 801
0 1509 774
0 1468 747
0 1426 720
0 1385 693
0 1343 666
0 1301 639
0 1259 612
0 1217 585
0 1175 558
1 431 1016
1 466 989
1 501 962
1 536 935
1 571 908
1 607 881
1 642 854
1 678 828
1 713 801
1 749 774
1 784 747
1 820 720
1 855 693
1 890 666
1 926 639
1 961 612
1 996 585
1 1031 558
2 31 774
2 138 747
2 245 720
2 352 693
2 460 666
2 567 639
2 675 612
2 783 585
2 890 558
3 2207 801
3 2104 774
3 2001 747
3 1898 720
3 1794 693
3 1691 666
3 1587 639
3 1484 612
3 1380 585
3 1276 558
