0 447 1016
0 483 989
0 519 962
0 555 935
0 591 908
0 628 881
0 665 854
0 702 828
0 738 801
0 775 774
0 812 747
0 849 720
0 886 693
0 923 666
0 960 639
0 997 612
0 1033 585
0 1070 558
1 1762 1016
1 1727 989
1 1692 962
1 1658 935
1 1622 908
1 1587 881
1 1552 854
1 1517 828
1 1482 801
1 1447 774
1 1411 747
1 1376 720
1 1340 693
1 1304 666
1 1269 639
1 1233 612
1 1197 585
1 1161 558
2 1191 1016
2 1188 989
2 1185 962
2 1181 935
2 1177 908
2 1173 881
2 1169 854
2 1165 828
2 1160 801
2 1156 774
2 1152 747
2 1148 720
2 1144 693
2 1140 666
2 1135 639
2 1131 612
2 1127 585
