0 760 1016
0 778 989
0 797 962
0 816 935
0 835 908
0 854 881
0 873 854
0 892 828
0 911 801
0 930 774
0 949 747
0 968 720
0 987 693
0 1006 666
0 1025 639
0 1043 612
0 1062 585
0 1081 558
1 1741 1016
1 1708 989
1 1675 962
1 1642 935
1 1608 908
1 1574 881
1 1540 854
1 1507 828
1 1473 801
1 1439 774
1 1405 747
1 1371 720
1 1337 693
1 1303 666
1 1270 639
1 1236 612
1 1202 585
1 1168 558
2 404 1016
2 440 989
2 476 962
2 513 935
2 550 908
2 587 881
2 624 854
2 662 828
2 699 801
2 737 774
2 775 747
2 812 720
2 850 693
2 888 666
2 926 639
2 964 612
2 1002 585
2 1041 558
