0 1876 1016
0 1836 989
0 1796 962
0 1756 935
0 1716 908
0 1675 881
0 1634 854
0 1594 828
0 1553 801
0 1512 774
0 1471 747
0 1429 720
0 1388 693
0 1346 666
0 1304 639
0 1262 612
0 1220 585
0 1177 558
1 527 1016
1 557 989
1 586 962
1 616 935
1 646 908
1 676 881
1 706 854
1 736 828
1 766 801
1 796 774
1 826 747
1 856 720
1 887 693
1 917 666
1 947 639
1 978 612
1 1008 585
1 1039 558
2 70 774
2 176 747
2 282 720
2 389 693
2 496 666
2 602 639
2 710 612
2 817 585
2 924 558
3 2171 774
3 2060 747
3 1949 720
3 1838 693
3 1727 666
3 1616 639
3 1505 612
3 1393 585
3 1282 558
