0 1756 1016
0 1722 989
0 1688 962
0 1654 935
0 1620 908
0 1586 881
0 1552 854
0 1518 828
0 1483 801
0 1449 774
0 1415 747
0 1381 720
0 1347 693
0 1312 666
0 1278 639
0 1244 612
0 1211 585
0 1177 558
1 405 1016
1 443 989
1 480 962
1 519 935
1 557 908
1 595 881
1 634 854
1 672 828
1 711 801
1 749 774
1 788 747
1 826 720
1 865 693
1 904 666
1 942 639
1 981 612
1 1019 585
1 1058 558
2 5 908
2 80 881
2 155 854
2 230 828
2 305 801
2 381 774
2 456 747
2 532 720
2 607 693
2 683 666
2 759 639
2 835 612
2 911 585
2 987 558
3 2148 801
3 2051 774
3 1955 747
3 1858 720
3 1761 693
3 1664 666
3 1567 639
3 1470 612
3 1373 585
3 1276 558
