0 400 1016
0 437 989
0 475 962
0 513 935
0 551 908
0 590 881
0 628 854
0 666 828
0 705 801
0 743 774
0 782 747
0 820 720
0 859 693
0 897 666
0 936 639
0 974 612
0 1013 585
0 1051 558
1 1759 1016
1 1726 989
1 1693 962
1 1659 935
1 1626 908
1 1592 881
1 1558 854
1 1525 828
1 1491 801
1 1457 774
1 1424 747
1 1390 720
1 1357 693
1 1323 666
1 1290 639
1 1257 612
1 1224 585
1 1191 558
2 62 747
2 184 720
2 306 693
2 429 666
2 551 639
2 674 612
2 797 585
2 919 558
3 1199 1016
3 1194 989
3 1189 962
3 1185 935
3 1180 908
3 1175 881
3 1171 854
3 1166 828
3 1161 801
3 1157 774
3 1152 747
3 1148 720
3 1144 693
3 1139 666
3 1135 639
3 1131 612
3 1127 585
3 1123 558
