0 462 1016
0 496 989
0 530 962
0 565 935
0 601 908
0 636 881
0 671 854
0 707 828
0 742 801
0 778 774
0 813 747
0 849 720
0 884 693
0 920 666
0 955 639
0 991 612
0 1026 585
0 1062 558
1 15 908
1 89 881
1 164 854
1 238 828
1 313 801
1 389 774
1 464 747
1 539 720
1 615 693
1 690 666
1 766 639
1 842 612
1 917 585
1 993 558
2 1835 1016
2 1797 989
2 1759 962
2 1721 935
2 1682 908
2 1644 881
2 1605 854
2 1566 828
2 1527 801
2 1488 774
2 1449 747
2 1410 720
2 1371 693
2 1332 666
2 1292 639
2 1253 612
2 1214 585
2 1174 558
