0 1688 1016
0 1658 989
0 1627 962
0 1597 935
0 1566 908
0 1535 881
0 1505 854
0 1474 828
0 1444 801
0 1413 774
0 1382 747
0 1352 720
0 1321 693
0 1291 666
0 1260 639
0 1230 612
0 1199 585
0 1169 558
1 346 1016
1 387 989
1 428 962
1 469 935
1 510 908
1 551 881
1 592 854
1 633 828
1 674 801
1 715 774
1 756 747
1 797 720
1 838 693
1 879 666
1 920 639
1 961 612
1 1002 585
1 1043 558
2 627 1016
2 652 989
2 677 962
2 703 935
2 728 908
2 754 881
2 780 854
2 805 828
2 831 801
2 857 774
2 883 747
2 909 720
2 935 693
2 961 666
2 986 639
2 1012 612
2 1038 585
2 1064 558
