0 1649 1016
0 1621 989
0 1593 962
0 1564 935
0 1535 908
0 1507 881
0 1478 854
0 1449 828
0 1421 801
0 1392 774
0 1363 747
0 1334 720
0 1306 693
0 1277 666
0 1249 639
0 1220 612
0 1192 585
0 1164 558
1 286 1016
1 329 989
1 373 962
1 416 935
1 460 908
1 504 881
1 548 854
1 592 828
1 637 801
1 681 774
1 725 747
1 769 720
1 814 693
1 858 666
1 902 639
1 946 612
1 991 585
1 1035 558
2 2196 828
2 2103 801
2 2011 774
2 1919 747
2 1826 720
2 1734 693
2 1641 666
2 1549 639
2 1456 612
2 1364 585
2 1271 558
