0 403 1016
0 441 989
0 480 962
0 518 935
0 557 908
0 595 881
0 634 854
0 673 828
0 711 801
0 750 774
0 789 747
0 827 720
0 866 693
0 905 666
0 944 639
0 982 612
0 1021 585
0 1060 558
1 1729 1016
1 1697 989
1 1664 962
1 1632 935
1 1599 908
1 1567 881
1 1534 854
1 1501 828
1 1468 801
1 1436 774
1 1403 747
1 1370 720
1 1337 693
1 1304 666
1 1271 639
1 1237 612
1 1204 585
1 1171 558
2 983 1016
2 990 989
2 997 962
2 1004 935
2 1011 908
2 1018 881
2 1025 854
2 1032 828
2 1039 801
2 1046 774
2 1053 747
2 1060 720
2 1067 693
2 1074 666
2 1081 639
2 1088 612
2 1095 585
2 1102 558
