0 1749 1016
0 1717 989
0 1683 962
0 1649 935
0 1615 908
0 1581 881
0 1547 854
0 1512 828
0 1478 801
0 1444 774
0 1409 747
0 1375 720
0 1341 693
0 1306 666
0 1272 639
0 1238 612
0 1204 585
0 1170 558
1 402 1016
1 439 989
1 476 962
1 514 935
1 551 908
1 589 881
1 627 854
1 665 828
1 703 801
1 741 774
1 779 747
1 816 720
1 854 693
1 892 666
1 930 639
1 968 612
1 1006 585
1 1044 558
2 2169 801
2 2071 774
2 1973 747
2 1874 720
2 1776 693
2 1678 666
2 1579 639
2 1481 612
2 1382 585
2 1283 558
3 85 747
3 204 720
3 324 693
3 444 666
3 563 639
3 684 612
3 804 585
3 925 558
