0 1790 1016
0 1755 989
0 1720 962
0 1685 935
0 1649 908
0 1613 881
0 1578 854
0 1542 828
0 1506 801
0 1470 774
0 1434 747
0 1398 720
0 1361 693
0 1325 666
0 1288 639
0 1251 612
0 1214 585
0 1176 558
1 465 1016
1 498 989
1 532 962
1 566 935
1 601 908
1 635 881
1 670 854
1 704 828
1 739 801
1 774 774
1 808 747
1 843 720
1 877 693
1 912 666
1 947 639
1 981 612
1 1015 585
1 1050 558
2 1036 1016
2 1041 989
2 1045 962
2 1049 935
2 1053 908
2 1057 881
2 1061 854
2 1065 828
2 1069 801
2 1073 774
2 1077 747
2 1081 720
2 1084 693
2 1088 666
2 1092 639
2 1095 612
2 1098 585
2 1102 558
