0 428 1016
0 466 989
0 504 962
0 542 935
0 580 908
0 617 881
0 655 854
0 693 828
0 730 801
0 768 774
0 806 747
0 843 720
0 881 693
0 918 666
0 956 639
0 994 612
0 1031 585
1 1768 1016
1 1735 989
1 1701 962
1 1667 935
1 1633 908
1 1599 881
1 1565 854
1 1530 828
1 1496 801
1 1461 774
1 1426 747
1 1391 720
1 1356 693
1 1321 666
1 1285 639
1 1250 612
1 1214 585
1 1178 558
2 2132 774
2 2027 747
2 1922 720
2 1816 693
2 1711 666
2 1606 639
2 1500 612
2 1395 585
2 1289 558
3 1228 1016
3 1223 989
3 1217 962
3 1211 935
3 1205 908
3 1199 881
3 1192 854
3 1186 828
3 1180 801
3 1174 774
3 1168 747
3 1161 720
3 1155 693
3 1149 666
3 1143 639
3 1137 612
3 1130 585
