0 1695 1016
0 1665 989
0 1635 962
0 1604 935
0 1574 908
0 1543 881
0 1512 854
0 1481 828
0 1451 801
0 1420 774
0 1389 747
0 1358 720
0 1327 693
0 1297 666
0 1266 639
0 1235 612
0 1204 585
0 1174 558
1 352 1016
1 392 989
1 432 962
1 472 935
1 512 908
1 553 881
1 593 854
1 634 828
1 675 801
1 715 774
1 756 747
1 797 720
1 838 693
1 879 666
1 921 639
1 962 612
1 1003 585
1 1045 558
2 14 881
2 95 854
2 176 828
2 257 801
2 338 774
2 419 747
2 499 720
2 580 693
2 661 666
2 742 639
2 823 612
2 903 585
2 984 558
