0 1749 1016
0 1717 989
0 1684 962
0 1651 935
0 1617 908
0 1584 881
0 1550 854
0 1516 828
0 1482 801
0 1449 774
0 1415 747
0 1381 720
0 1347 693
0 1313 666
0 1279 639
0 1246 612
0 1212 585
0 1178 558
1 48 854
1 130 828
1 211 801
1 293 774
1 374 747
1 455 720
1 537 693
1 618 666
1 700 639
1 781 612
1 863 585
1 944 558
2 350 1016
2 389 989
2 429 962
2 469 935
2 509 908
2 549 881
2 590 854
2 630 828
2 670 801
2 711 774
2 751 747
2 791 720
2 832 693
2 872 666
2 912 639
2 953 612
2 993 585
2 1033 558
