0 1789 1016
0 1754 989
0 1718 962
0 1681 935
0 1645 908
0 1608 881
0 1571 854
0 1535 828
0 1498 801
0 1461 774
0 1425 747
0 1388 720
0 1351 693
0 1314 666
0 1278 639
0 1241 612
0 1204 585
0 1167 558
1 428 1016
1 463 989
1 499 962
1 535 935
1 571 908
1 608 881
1 644 854
1 681 828
1 717 801
1 754 774
1 790 747
1 827 720
1 863 693
1 900 666
1 937 639
1 973 612
1 1009 585
1 1046 558
2 735 1016
2 755 989
2 775 962
2 795 935
2 815 908
2 835 881
2 855 854
2 875 828
2 895 801
2 916 774
2 936 747
2 956 720
2 976 693
2 996 666
2 1016 639
2 1037 612
2 1056 585
2 1076 558
3 2188 801
3 2088 774
3 1987 747
3 1887 720
3 1786 693
3 1686 666
3 1585 639
3 1484 612
3 1383 585
3 1282 558
