0 1660 1016
0 1632 989
0 1603 962
0 1575 935
0 1546 908
0 1517 881
0 1488 854
0 1459 828
0 1430 801
0 1401 774
0 1372 747
0 1343 720
0 1314 693
0 1285 666
0 1256 639
0 1227 612
0 1198 585
0 1169 558
1 259 1016
1 305 989
1 351 962
1 398 935
1 444 908
1 491 881
1 538 854
1 584 828
1 631 801
1 677 774
1 724 747
1 771 720
1 818 693
1 864 666
1 911 639
1 957 612
1 1004 585
1 1050 558
2 682 1016
2 704 989
2 727 962
2 751 935
2 774 908
2 798 881
2 821 854
2 845 828
2 869 801
2 893 774
2 916 747
2 940 720
2 964 693
2 988 666
2 1012 639
2 1036 612
2 1059 585
2 1083 558
