0 1788 1016
0 1753 989
0 1718 962
0 1682 935
0 1647 908
0 1611 881
0 1576 854
0 1540 828
0 1504 801
0 1468 774
0 1432 747
0 1397 720
0 1361 693
0 1324 666
0 1288 639
0 1252 612
0 1216 585
0 1180 558
1 405 1016
1 442 989
1 480 962
1 518 935
1 556 908
1 595 881
1 633 854
1 672 828
1 710 801
1 749 774
1 788 747
1 826 720
1 865 693
1 903 666
1 942 639
1 981 612
1 1019 585
1 1057 558
2 768 1016
2 786 989
2 804 962
2 823 935
2 842 908
2 861 881
2 880 854
2 898 828
2 917 801
2 936 774
2 955 747
2 974 720
2 993 693
2 1012 666
2 1031 639
2 1049 612
2 1068 585
2 1086 558
