0 1735 1016
0 1704 989
0 1672 962
0 1640 935
0 1607 908
0 1575 881
0 1542 854
0 1510 828
0 1477 801
0 1444 774
0 1411 747
0 1378 720
0 1345 693
0 1311 666
0 1277 639
0 1243 612
0 1209 585
1 389 1016
1 429 989
1 468 962
1 508 935
1 548 908
1 588 881
1 628 854
1 667 828
1 707 801
1 747 774
1 787 747
1 827 720
1 866 693
1 906 666
1 946 639
1 986 612
1 1025 585
2 968 1016
2 977 989
2 985 962
2 994 935
2 1002 908
2 1010 881
2 1018 854
2 1027 828
2 1035 801
2 1043 774
2 1051 747
2 1059 720
2 1067 693
2 1075 666
2 1083 639
2 1092 612
2 1100 585
