0 342 1016
0 381 989
0 421 962
0 461 935
0 501 908
0 541 881
0 581 854
0 622 828
0 662 801
0 703 774
0 743 747
0 784 720
0 825 693
0 866 666
0 907 639
0 948 612
0 989 585
0 1031 558
1 1693 1016
1 1663 989
1 1632 962
1 1601 935
1 1570 908
1 1538 881
1 1507 854
1 1476 828
1 1444 801
1 1413 774
1 1382 747
1 1350 720
1 1319 693
1 1288 666
1 1256 639
1 1225 612
1 1193 585
1 1162 558
2 56 854
2 138 828
2 221 801
2 303 774
2 386 747
2 468 720
2 551 693
2 633 666
2 716 639
2 798 612
2 881 585
2 963 558
