0 423 1016
0 460 989
0 496 962
0 533 935
0 570 908
0 606 881
0 643 854
0 680 828
0 717 801
0 754 774
0 791 747
0 828 720
0 864 693
0 901 666
0 938 639
0 975 612
0 1011 585
0 1048 558
1 1782 1016
1 1748 989
1 1713 962
1 1678 935
1 1642 908
1 1607 881
1 1572 854
1 1536 828
1 1501 801
1 1465 774
1 1429 747
1 1393 720
1 1357 693
1 1321 666
1 1285 639
1 1248 612
1 1212 585
1 1175 558
2 1128 1016
2 1127 989
2 1126 962
2 1125 935
2 1124 908
2 1123 881
2 1121 854
2 1120 828
2 1119 801
2 1118 774
2 1116 747
2 1115 720
2 1114 693
2 1112 666
2 1111 639
2 1109 612
2 1108 585
2 1106 558
