0 446 1016
0 480 989
0 514 962
0 549 935
0 584 908
0 619 881
0 655 854
0 690 828
0 725 801
0 761 774
0 796 747
0 832 720
0 867 693
0 902 666
0 938 639
0 973 612
0 1008 585
0 1044 558
1 1801 1016
1 1766 989
1 1731 962
1 1695 935
1 1659 908
1 1623 881
1 1588 854
1 1552 828
1 1516 801
1 1479 774
1 1443 747
1 1406 720
1 1369 693
1 1332 666
1 1294 639
1 1256 612
1 1218 585
1 1179 558
2 13 908
2 87 881
2 161 854
2 235 828
2 308 801
2 382 774
2 456 747
2 530 720
2 604 693
2 678 666
2 752 639
2 826 612
2 900 585
2 973 558
