0 1771 1016
0 1737 989
0 1702 962
0 1667 935
0 1632 908
0 1597 881
0 1562 854
0 1526 828
0 1491 801
0 1456 774
0 1421 747
0 1385 720
0 1350 693
0 1315 666
0 1280 639
0 1244 612
0 1209 585
0 1174 558
1 46 908
1 118 881
1 190 854
1 262 828
1 333 801
1 405 774
1 477 747
1 549 720
1 621 693
1 693 666
1 765 639
1 836 612
1 908 585
1 980 558
2 364 1016
2 404 989
2 445 962
2 485 935
2 526 908
2 566 881
2 607 854
2 647 828
2 687 801
2 727 774
2 767 747
2 807 720
2 847 693
2 886 666
2 926 639
2 965 612
2 1004 585
2 1042 558
