0 1657 1016
0 1630 989
0 1601 962
0 1572 935
0 1543 908
0 1514 881
0 1485 854
0 1456 828
0 1426 801
0 1397 774
0 1368 747
0 1338 720
0 1309 693
0 1279 666
0 1250 639
0 1220 612
0 1191 585
0 1161 558
1 260 1016
1 305 989
1 350 962
1 396 935
1 442 908
1 487 881
1 533 854
1 579 828
1 625 801
1 671 774
1 717 747
1 762 720
1 808 693
1 854 666
1 900 639
1 946 612
1 992 585
1 1037 558
2 35 854
2 119 828
2 203 801
2 287 774
2 371 747
2 454 720
2 538 693
2 622 666
2 706 639
2 790 612
2 874 585
2 958 558
