0 1678 1016
0 1649 989
0 1619 962
0 1589 935
0 1559 908
0 1529 881
0 1499 854
0 1469 828
0 1439 801
0 1409 774
0 1379 747
0 1349 720
0 1319 693
0 1288 666
0 1258 639
0 1228 612
0 1198 585
0 1168 558
1 306 1016
1 347 989
1 390 962
1 433 935
1 476 908
1 519 881
1 562 854
1 606 828
1 649 801
1 692 774
1 736 747
1 779 720
1 822 693
1 866 666
1 909 639
1 952 612
1 995 585
1 1039 558
2 50 989
2 111 962
2 172 935
2 233 908
2 294 881
2 356 854
2 417 828
2 479 801
2 540 774
2 602 747
2 664 720
2 725 693
2 787 666
2 848 639
2 909 612
2 970 585
2 1031 558
