0 1839 1016
0 1801 989
0 1763 962
0 1725 935
0 1686 908
0 1647 881
0 1609 854
0 1570 828
0 1531 801
0 1492 774
0 1453 747
0 1414 720
0 1375 693
0 1336 666
0 1297 639
0 1258 612
0 1218 585
0 1179 558
1 425 1016
1 462 989
1 498 962
1 535 935
1 572 908
1 609 881
1 645 854
1 682 828
1 719 801
1 756 774
1 793 747
1 829 720
1 866 693
1 903 666
1 940 639
1 976 612
1 1013 585
1 1049 558
2 33 908
2 105 881
2 177 854
2 250 828
2 322 801
2 394 774
2 466 747
2 539 720
2 611 693
2 683 666
2 755 639
2 828 612
2 900 585
2 972 558
