0 1771 1016
0 1737 989
0 1702 962
0 1668 935
0 1633 908
0 1598 881
0 1564 854
0 1529 828
0 1494 801
0 1460 774
0 1425 747
0 1390 720
0 1355 693
0 1321 666
0 1286 639
0 1251 612
0 1216 585
0 1182 558
1 424 1016
1 460 989
1 496 962
1 532 935
1 569 908
1 605 881
1 642 854
1 678 828
1 715 801
1 751 774
1 788 747
1 825 720
1 862 693
1 899 666
1 935 639
1 972 612
1 1009 585
1 1046 558
2 5 908
2 79 881
2 152 854
2 226 828
2 300 801
2 373 774
2 447 747
2 521 720
2 595 693
2 669 666
2 743 639
2 817 612
2 891 585
2 965 558
