0 1780 1016
0 1746 989
0 1712 962
0 1677 935
0 1642 908
0 1607 881
0 1572 854
0 1537 828
0 1502 801
0 1467 774
0 1432 747
0 1396 720
0 1361 693
0 1326 666
0 1290 639
0 1255 612
0 1219 585
0 1183 558
1 417 1016
1 454 989
1 490 962
1 527 935
1 564 908
1 601 881
1 638 854
1 676 828
1 713 801
1 750 774
1 787 747
1 824 720
1 862 693
1 899 666
1 936 639
1 973 612
1 1010 585
1 1047 558
2 29 908
2 101 881
2 174 854
2 247 828
2 320 801
2 393 774
2 466 747
2 539 720
2 612 693
2 685 666
2 758 639
2 831 612
2 904 585
2 977 558
3 29 774
3 140 747
3 252 720
3 364 693
3 476 666
3 589 639
3 702 612
3 815 585
3 928 558
