0 1760 1016
0 1727 989
0 1694 962
0 1660 935
0 1626 908
0 1592 881
0 1558 854
0 1524 828
0 1489 801
0 1455 774
0 1421 747
0 1387 720
0 1352 693
0 1318 666
0 1284 639
0 1250 612
0 1215 585
0 1181 558
1 351 1016
1 391 989
1 432 962
1 473 935
1 514 908
1 555 881
1 596 854
1 638 828
1 679 801
1 720 774
1 762 747
1 803 720
1 845 693
1 886 666
1 928 639
1 969 612
1 1011 585
1 1052 558
2 855 1016
2 869 989
2 883 962
2 897 935
2 911 908
2 925 881
2 939 854
2 952 828
2 966 801
2 980 774
2 994 747
2 1008 720
2 1022 693
2 1036 666
2 1050 639
2 1064 612
2 1078 585
2 1091 558
3 5 881
3 86 854
3 167 828
3 248 801
3 329 774
3 410 747
3 491 720
3 572 693
3 653 666
3 734 639
3 816 612
3 897 585
3 978 558
