0 1808 1016
0 1772 989
0 1736 962
0 1700 935
0 1663 908
0 1626 881
0 1589 854
0 1552 828
0 1515 801
0 1478 774
0 1441 747
0 1403 720
0 1366 693
0 1329 666
0 1291 639
0 1254 612
0 1216 585
0 1179 558
1 423 1016
1 459 989
1 496 962
1 532 935
1 570 908
1 607 881
1 644 854
1 682 828
1 719 801
1 757 774
1 794 747
1 832 720
1 869 693
1 907 666
1 944 639
1 982 612
1 1019 585
1 1056 558
2 1137 1016
2 1136 989
2 1134 962
2 1133 935
2 1132 908
2 1130 881
2 1129 854
2 1127 828
2 1126 801
2 1125 774
2 1123 747
2 1122 720
2 1120 693
2 1119 666
2 1118 639
2 1116 612
2 1115 585
2 1113 558
