0 263 1016
0 309 989
0 354 962
0 400 935
0 446 908
0 492 881
0 538 854
0 584 828
0 630 801
0 676 774
0 722 747
0 768 720
0 814 693
0 860 666
0 906 639
0 951 612
0 997 585
0 1043 558
1 1683 1016
1 1654 989
1 1624 962
1 1594 935
1 1564 908
1 1534 881
1 1503 854
1 1473 828
1 1443 801
1 1413 774
1 1383 747
1 1353 720
1 1323 693
1 1294 666
1 1264 639
1 1235 612
1 1206 585
1 1177 558
2 80 854
2 161 828
2 242 801
2 323 774
2 404 747
2 486 720
2 567 693
2 648 666
2 729 639
2 810 612
2 891 585
2 972 558
