0 1605 1016
0 1579 989
0 1553 962
0 1527 935
0 1500 908
0 1474 881
0 1448 854
0 1421 828
0 1395 801
0 1368 774
0 1342 747
0 1315 720
0 1289 693
0 1262 666
0 1236 639
0 1209 612
0 1183 585
0 1156 558
1 205 1016
1 252 989
1 299 962
1 347 935
1 394 908
1 442 881
1 490 854
1 538 828
1 586 801
1 633 774
1 681 747
1 729 720
1 778 693
1 826 666
1 874 639
1 922 612
1 969 585
1 1017 558
2 38 854
2 120 828
2 203 801
2 286 774
2 368 747
2 451 720
2 533 693
2 616 666
2 698 639
2 781 612
2 863 585
2 946 558
