0 1856 1016
0 1819 989
0 1780 962
0 1741 935
0 1702 908
0 1663 881
0 1624 854
0 1584 828
0 1545 801
0 1505 774
0 1466 747
0 1426 720
0 1387 693
0 1347 666
0 1307 639
0 1267 612
0 1227 585
0 1187 558
1 475 1016
1 508 989
1 541 962
1 575 935
1 608 908
1 642 881
1 675 854
1 709 828
1 743 801
1 777 774
1 810 747
1 844 720
1 878 693
1 912 666
1 946 639
1 980 612
1 1013 585
1 1047 558
2 25 774
2 137 747
2 249 720
2 361 693
2 474 666
2 586 639
2 699 612
2 812 585
2 925 558
3 36 908
3 109 881
3 181 854
3 253 828
3 326 801
3 398 774
3 470 747
3 543 720
3 615 693
3 687 666
3 760 639
3 832 612
3 905 585
3 977 558
