0 384 1016
0 422 989
0 460 962
0 498 935
0 537 908
0 576 881
0 615 854
0 654 828
0 693 801
0 731 774
0 770 747
0 809 720
0 848 693
0 887 666
0 926 639
0 965 612
0 1004 585
0 1042 558
1 1778 1016
1 1745 989
1 1711 962
1 1676 935
1 1642 908
1 1608 881
1 1573 854
1 1538 828
1 1504 801
1 1469 774
1 1433 747
1 1398 720
1 1362 693
1 1326 666
1 1290 639
1 1253 612
1 1216 585
1 1179 558
2 11 881
2 91 854
2 171 828
2 251 801
2 331 774
2 411 747
2 490 720
2 570 693
2 650 666
2 730 639
2 810 612
2 890 585
2 970 558
