0 1808 1016
0 1773 989
0 1738 962
0 1702 935
0 1667 908
0 1631 881
0 1595 854
0 1559 828
0 1523 801
0 1487 774
0 1450 747
0 1414 720
0 1377 693
0 1339 666
0 1302 639
0 1264 612
0 1226 585
0 1187 558
1 398 1016
1 436 989
1 475 962
1 514 935
1 553 908
1 592 881
1 632 854
1 671 828
1 711 801
1 750 774
1 790 747
1 830 720
1 869 693
1 909 666
1 948 639
1 988 612
1 1027 585
1 1066 558
2 47 881
2 126 854
2 206 828
2 285 801
2 364 774
2 444 747
2 523 720
2 603 693
2 682 666
2 761 639
2 841 612
2 920 585
2 1000 558
