0 1865 1016
0 1827 989
0 1787 962
0 1748 935
0 1708 908
0 1668 881
0 1628 854
0 1588 828
0 1548 801
0 1508 774
0 1467 747
0 1427 720
0 1386 693
0 1346 666
0 1305 639
0 1265 612
0 1224 585
0 1183 558
1 32 908
1 106 881
1 180 854
1 254 828
1 329 801
1 403 774
1 477 747
1 552 720
1 626 693
1 700 666
1 775 639
1 849 612
1 923 585
1 997 558
2 362 1016
2 402 989
2 444 962
2 485 935
2 527 908
2 569 881
2 611 854
2 653 828
2 694 801
2 736 774
2 778 747
2 819 720
2 861 693
2 902 666
2 943 639
2 984 612
2 1025 585
2 1065 558
