0 1797 1016
0 1763 989
0 1727 962
0 1692 935
0 1657 908
0 1621 881
0 1585 854
0 1550 828
0 1514 801
0 1478 774
0 1443 747
0 1407 720
0 1371 693
0 1335 666
0 1300 639
0 1264 612
0 1228 585
0 1193 558
1 384 1016
1 422 989
1 460 962
1 498 935
1 537 908
1 575 881
1 614 854
1 652 828
1 690 801
1 729 774
1 767 747
1 806 720
1 844 693
1 883 666
1 921 639
1 959 612
1 998 585
1 1036 558
2 65 881
2 138 854
2 211 828
2 284 801
2 357 774
2 430 747
2 503 720
2 577 693
2 650 666
2 723 639
2 796 612
2 869 585
2 942 558
