0 396 1016
0 435 989
0 474 962
0 513 935
0 552 908
0 591 881
0 631 854
0 670 828
0 709 801
0 748 774
0 787 747
0 826 720
0 865 693
0 904 666
0 943 639
0 982 612
0 1021 585
0 1060 558
1 1816 1016
1 1780 989
1 1743 962
1 1707 935
1 1670 908
1 1633 881
1 1597 854
1 1560 828
1 1523 801
1 1486 774
1 1449 747
1 1413 720
1 1376 693
1 1339 666
1 1302 639
1 1265 612
1 1229 585
1 1192 558
2 52 774
2 162 747
2 272 720
2 382 693
2 494 666
2 605 639
2 716 612
2 828 585
2 939 558
3 2 908
3 77 881
3 152 854
3 227 828
3 303 801
3 378 774
3 453 747
3 529 720
3 604 693
3 679 666
3 755 639
3 830 612
3 905 585
3 980 558
