0 1761 1016
0 1727 989
0 1693 962
0 1658 935
0 1623 908
0 1588 881
0 1553 854
0 1518 828
0 1483 801
0 1448 774
0 1413 747
0 1378 720
0 1343 693
0 1307 666
0 1272 639
0 1236 612
0 1201 585
0 1165 558
1 396 1016
1 433 989
1 471 962
1 509 935
1 546 908
1 584 881
1 622 854
1 660 828
1 698 801
1 736 774
1 774 747
1 813 720
1 851 693
1 890 666
1 928 639
1 967 612
1 1005 585
1 1044 558
2 52 881
2 129 854
2 207 828
2 284 801
2 362 774
2 440 747
2 517 720
2 595 693
2 673 666
2 751 639
2 829 612
2 907 585
2 985 558
