0 1807 1016
0 1771 989
0 1735 962
0 1699 935
0 1662 908
0 1626 881
0 1589 854
0 1552 828
0 1515 801
0 1478 774
0 1441 747
0 1404 720
0 1366 693
0 1328 666
0 1290 639
0 1252 612
0 1213 585
0 1174 558
1 406 1016
1 442 989
1 479 962
1 515 935
1 553 908
1 590 881
1 627 854
1 664 828
1 702 801
1 739 774
1 776 747
1 814 720
1 851 693
1 889 666
1 926 639
1 963 612
1 1001 585
1 1038 558
2 4 908
2 79 881
2 154 854
2 229 828
2 304 801
2 380 774
2 455 747
2 530 720
2 605 693
2 680 666
2 756 639
2 831 612
2 906 585
2 981 558
