0 391 1016
0 430 989
0 468 962
0 507 935
0 545 908
0 583 881
0 622 854
0 660 828
0 698 801
0 736 774
0 774 747
0 812 720
0 850 693
0 888 666
0 926 639
0 964 612
0 1001 585
0 1039 558
1 1817 1016
1 1782 989
1 1745 962
1 1708 935
1 1672 908
1 1635 881
1 1598 854
1 1561 828
1 1524 801
1 1486 774
1 1449 747
1 1411 720
1 1374 693
1 1336 666
1 1298 639
1 1260 612
1 1221 585
1 1182 558
2 1 908
2 74 881
2 147 854
2 221 828
2 294 801
2 368 774
2 441 747
2 515 720
2 588 693
2 662 666
2 735 639
2 808 612
2 882 585
2 955 558
