0 415 1016
0 452 989
0 489 962
0 527 935
0 564 908
0 602 881
0 639 854
0 676 828
0 714 801
0 751 774
0 788 747
0 826 720
0 863 693
0 900 666
0 937 639
0 974 612
0 1011 585
0 1049 558
1 1821 1016
1 1785 989
1 1747 962
1 1710 935
1 1672 908
1 1634 881
1 1596 854
1 1558 828
1 1520 801
1 1482 774
1 1444 747
1 1406 720
1 1368 693
1 1329 666
1 1291 639
1 1253 612
1 1214 585
1 1176 558
2 5 908
2 79 881
2 154 854
2 228 828
2 303 801
2 377 774
2 452 747
2 526 720
2 601 693
2 675 666
2 750 639
2 824 612
2 899 585
2 973 558
