0 370 1016
0 409 989
0 449 962
0 489 935
0 529 908
0 570 881
0 610 854
0 650 828
0 691 801
0 731 774
0 771 747
0 812 720
0 852 693
0 892 666
0 933 639
0 973 612
0 1013 585
0 1053 558
1 1768 1016
1 1734 989
1 1700 962
1 1666 935
1 1631 908
1 1597 881
1 1562 854
1 1528 828
1 1493 801
1 1459 774
1 1424 747
1 1390 720
1 1355 693
1 1320 666
1 1286 639
1 1251 612
1 1216 585
1 1182 558
2 19 774
2 133 747
2 247 720
2 362 693
2 477 666
2 593 639
2 708 612
2 824 585
2 940 558
3 20 908
3 94 881
3 168 854
3 242 828
3 317 801
3 391 774
3 465 747
3 539 720
3 613 693
3 687 666
3 762 639
3 836 612
3 910 585
3 984 558
