0 330 1016
0 371 989
0 413 962
0 454 935
0 496 908
0 538 881
0 580 854
0 622 828
0 664 801
0 706 774
0 748 747
0 790 720
0 832 693
0 874 666
0 916 639
0 958 612
0 1000 585
0 1042 558
1 1694 1016
1 1664 989
1 1634 962
1 1603 935
1 1573 908
1 1542 881
1 1512 854
1 1481 828
1 1450 801
1 1420 774
1 1390 747
1 1359 720
1 1329 693
1 1299 666
1 1269 639
1 1240 612
1 1211 585
1 1182 558
2 80 854
2 163 828
2 246 801
2 328 774
2 411 747
2 494 720
2 576 693
2 659 666
2 741 639
2 824 612
2 906 585
2 989 558
