0 1810 1016
0 1774 989
0 1738 962
0 1701 935
0 1664 908
0 1627 881
0 1590 854
0 1553 828
0 1516 801
0 1479 774
0 1442 747
0 1405 720
0 1368 693
0 1331 666
0 1294 639
0 1256 612
0 1219 585
0 1182 558
1 422 1016
1 458 989
1 495 962
1 532 935
1 569 908
1 606 881
1 643 854
1 680 828
1 717 801
1 754 774
1 791 747
1 829 720
1 866 693
1 903 666
1 940 639
1 977 612
1 1015 585
1 1052 558
2 37 881
2 115 854
2 193 828
2 270 801
2 348 774
2 426 747
2 504 720
2 581 693
2 659 666
2 737 639
2 814 612
2 892 585
2 970 558
