0 364 1016
0 403 989
0 443 962
0 483 935
0 523 908
0 563 881
0 603 854
0 643 828
0 683 801
0 723 774
0 764 747
0 804 720
0 844 693
0 884 666
0 924 639
0 964 612
0 1004 585
0 1044 558
1 1792 1016
1 1757 989
1 1722 962
1 1687 935
1 1652 908
1 1617 881
1 1581 854
1 1546 828
1 1510 801
1 1475 774
1 1439 747
1 1402 720
1 1366 693
1 1329 666
1 1292 639
1 1255 612
1 1217 585
1 1179 558
2 69 881
2 144 854
2 220 828
2 295 801
2 371 774
2 446 747
2 522 720
2 597 693
2 673 666
2 748 639
2 823 612
2 899 585
2 974 558
