0 519 1016
0 552 989
0 584 962
0 616 935
0 649 908
0 682 881
0 714 854
0 747 828
0 780 801
0 812 774
0 845 747
0 878 720
0 911 693
0 943 666
0 976 639
0 1009 612
0 1041 585
0 1074 558
1 1921 1016
1 1880 989
1 1838 962
1 1796 935
1 1753 908
1 1711 881
1 1668 854
1 1625 828
1 1583 801
1 1540 774
1 1497 747
1 1454 720
1 1411 693
1 1368 666
1 1324 639
1 1281 612
1 1238 585
1 1194 558
2 8 935
2 79 908
2 151 881
2 222 854
2 294 828
2 366 801
2 437 774
2 509 747
2 581 720
2 653 693
2 725 666
2 796 639
2 868 612
2 939 585
2 1010 558
