0 1788 1016
0 1754 989
0 1719 962
0 1685 935
0 1650 908
0 1616 881
0 1581 854
0 1546 828
0 1511 801
0 1475 774
0 1440 747
0 1403 720
0 1367 693
0 1330 666
0 1292 639
0 1254 612
0 1216 585
0 1176 558
1 400 1016
1 438 989
1 475 962
1 513 935
1 551 908
1 589 881
1 627 854
1 665 828
1 703 801
1 740 774
1 778 747
1 816 720
1 854 693
1 892 666
1 930 639
1 968 612
1 1006 585
1 1044 558
2 10 774
2 124 747
2 239 720
2 353 693
2 469 666
2 584 639
2 700 612
2 816 585
2 932 558
3 5 908
3 79 881
3 154 854
3 228 828
3 303 801
3 377 774
3 452 747
3 526 720
3 601 693
3 675 666
3 750 639
3 824 612
3 898 585
3 973 558
