0 1768 1016
0 1734 989
0 1699 962
0 1665 935
0 1630 908
0 1595 881
0 1560 854
0 1526 828
0 1491 801
0 1456 774
0 1421 747
0 1386 720
0 1351 693
0 1317 666
0 1282 639
0 1247 612
0 1212 585
0 1177 558
1 358 1016
1 399 989
1 439 962
1 480 935
1 520 908
1 561 881
1 602 854
1 642 828
1 683 801
1 724 774
1 764 747
1 805 720
1 846 693
1 886 666
1 927 639
1 967 612
1 1008 585
1 1048 558
2 782 1016
2 799 989
2 817 962
2 834 935
2 852 908
2 869 881
2 887 854
2 904 828
2 922 801
2 939 774
2 957 747
2 975 720
2 992 693
2 1010 666
2 1027 639
2 1045 612
2 1062 585
2 1079 558
