0 1787 1016
0 1752 989
0 1717 962
0 1681 935
0 1646 908
0 1610 881
0 1574 854
0 1538 828
0 1502 801
0 1466 774
0 1430 747
0 1394 720
0 1358 693
0 1322 666
0 1286 639
0 1250 612
0 1214 585
0 1178 558
1 386 1016
1 425 989
1 463 962
1 502 935
1 540 908
1 579 881
1 617 854
1 656 828
1 695 801
1 733 774
1 772 747
1 810 720
1 849 693
1 887 666
1 926 639
1 964 612
1 1003 585
1 1041 558
2 887 1016
2 899 989
2 910 962
2 922 935
2 934 908
2 946 881
2 958 854
2 970 828
2 982 801
2 994 774
2 1006 747
2 1018 720
2 1030 693
2 1042 666
2 1054 639
2 1066 612
2 1078 585
2 1089 558
