0 366 1016
0 406 989
0 446 962
0 486 935
0 526 908
0 566 881
0 606 854
0 646 828
0 686 801
0 726 774
0 766 747
0 806 720
0 846 693
0 886 666
0 926 639
0 966 612
0 1006 585
0 1046 558
1 1753 1016
1 1720 989
1 1687 962
1 1653 935
1 1619 908
1 1585 881
1 1551 854
1 1517 828
1 1483 801
1 1448 774
1 1414 747
1 1380 720
1 1346 693
1 1312 666
1 1278 639
1 1243 612
1 1209 585
1 1175 558
2 27 908
2 99 881
2 171 854
2 243 828
2 315 801
2 387 774
2 460 747
2 532 720
2 604 693
2 676 666
2 748 639
2 821 612
2 893 585
2 965 558
