0 252 1016
0 299 989
0 346 962
0 392 935
0 439 908
0 486 881
0 533 854
0 580 828
0 627 801
0 674 774
0 721 747
0 768 720
0 815 693
0 862 666
0 909 639
0 956 612
0 1003 585
0 1049 558
1 1693 1016
1 1663 989
1 1633 962
1 1602 935
1 1572 908
1 1541 881
1 1511 854
1 1480 828
1 1450 801
1 1420 774
1 1389 747
1 1360 720
1 1330 693
1 1300 666
1 1271 639
1 1242 612
1 1214 585
1 1186 558
2 796 1016
2 812 989
2 828 962
2 844 935
2 860 908
2 876 881
2 892 854
2 909 828
2 925 801
2 941 774
2 957 747
2 974 720
2 991 693
2 1008 666
2 1025 639
2 1042 612
2 1060 585
2 1078 558
