0 1787 1016
0 1752 989
0 1717 962
0 1682 935
0 1646 908
0 1611 881
0 1575 854
0 1540 828
0 1504 801
0 1468 774
0 1432 747
0 1397 720
0 1361 693
0 1325 666
0 1289 639
0 1253 612
0 1217 585
0 1181 558
1 413 1016
1 449 989
1 485 962
1 522 935
1 559 908
1 595 881
1 632 854
1 669 828
1 706 801
1 743 774
1 780 747
1 817 720
1 854 693
1 891 666
1 928 639
1 965 612
1 1002 585
1 1039 558
2 44 774
2 152 747
2 261 720
2 370 693
2 479 666
2 588 639
2 697 612
2 806 585
2 915 558
3 945 1016
3 953 989
3 961 962
3 970 935
3 978 908
3 987 881
3 995 854
3 1003 828
3 1012 801
3 1020 774
3 1029 747
3 1037 720
3 1046 693
3 1054 666
3 1062 639
3 1071 612
3 1079 585
3 1087 558
