0 1818 1016
0 1781 989
0 1744 962
0 1707 935
0 1669 908
0 1632 881
0 1594 854
0 1557 828
0 1519 801
0 1481 774
0 1444 747
0 1406 720
0 1368 693
0 1330 666
0 1293 639
0 1255 612
0 1217 585
0 1180 558
1 412 1016
1 449 989
1 486 962
1 524 935
1 562 908
1 599 881
1 637 854
1 675 828
1 713 801
1 750 774
1 788 747
1 826 720
1 864 693
1 902 666
1 939 639
1 977 612
1 1015 585
1 1053 558
2 3 908
2 78 881
2 152 854
2 226 828
2 301 801
2 375 774
2 450 747
2 524 720
2 599 693
2 673 666
2 748 639
2 823 612
2 897 585
2 972 558
