0 1840 1016
0 1803 989
0 1765 962
0 1728 935
0 1689 908
0 1651 881
0 1613 854
0 1575 828
0 1536 801
0 1498 774
0 1460 747
0 1421 720
0 1383 693
0 1344 666
0 1306 639
0 1267 612
0 1229 585
0 1190 558
1 497 1016
1 529 989
1 561 962
1 594 935
1 626 908
1 659 881
1 691 854
1 724 828
1 757 801
1 790 774
1 823 747
1 856 720
1 889 693
1 922 666
1 956 639
1 989 612
1 1023 585
1 1057 558
2 60 881
2 137 854
2 214 828
2 292 801
2 369 774
2 446 747
2 523 720
2 601 693
2 678 666
2 755 639
2 833 612
2 910 585
2 987 558
