0 1724 1016
0 1693 989
0 1661 962
0 1628 935
0 1595 908
0 1562 881
0 1529 854
0 1496 828
0 1463 801
0 1430 774
0 1396 747
0 1363 720
0 1329 693
0 1296 666
0 1262 639
0 1228 612
0 1195 585
0 1161 558
1 318 1016
1 361 989
1 403 962
1 446 935
1 489 908
1 532 881
1 575 854
1 618 828
1 661 801
1 704 774
1 747 747
1 790 720
1 833 693
1 876 666
1 919 639
1 962 612
1 1005 585
1 1048 558
2 68 854
2 151 828
2 234 801
2 317 774
2 400 747
2 483 720
2 566 693
2 649 666
2 732 639
2 816 612
2 899 585
2 982 558
