0 1861 1016
0 1824 989
0 1785 962
0 1746 935
0 1707 908
0 1667 881
0 1628 854
0 1589 828
0 1549 801
0 1510 774
0 1470 747
0 1431 720
0 1391 693
0 1352 666
0 1312 639
0 1273 612
0 1233 585
0 1194 558
1 482 1016
1 515 989
1 549 962
1 583 935
1 617 908
1 651 881
1 685 854
1 719 828
1 753 801
1 788 774
1 822 747
1 856 720
1 891 693
1 925 666
1 960 639
1 994 612
1 1028 585
1 1063 558
2 47 908
2 121 881
2 194 854
2 268 828
2 342 801
2 416 774
2 489 747
2 563 720
2 637 693
2 711 666
2 785 639
2 858 612
2 932 585
2 1006 558
