0 1785 1016
0 1751 989
0 1716 962
0 1681 935
0 1646 908
0 1611 881
0 1576 854
0 1540 828
0 1505 801
0 1470 774
0 1434 747
0 1399 720
0 1364 693
0 1328 666
0 1293 639
0 1257 612
0 1222 585
0 1187 558
1 378 1016
1 416 989
1 455 962
1 494 935
1 533 908
1 573 881
1 612 854
1 652 828
1 691 801
1 731 774
1 771 747
1 810 720
1 850 693
1 889 666
1 929 639
1 968 612
1 1008 585
1 1047 558
2 34 881
2 112 854
2 189 828
2 266 801
2 344 774
2 421 747
2 499 720
2 576 693
2 653 666
2 731 639
2 808 612
2 885 585
2 962 558
