0 1708 1016
0 1678 989
0 1646 962
0 1615 935
0 1584 908
0 1552 881
0 1521 854
0 1489 828
0 1457 801
0 1425 774
0 1393 747
0 1361 720
0 1329 693
0 1297 666
0 1264 639
0 1232 612
0 1200 585
0 1167 558
1 318 1016
1 359 989
1 401 962
1 443 935
1 486 908
1 528 881
1 571 854
1 614 828
1 657 801
1 699 774
1 742 747
1 785 720
1 828 693
1 871 666
1 914 639
1 956 612
1 999 585
1 1042 558
2 101 747
2 218 720
2 336 693
2 454 666
2 572 639
2 690 612
2 809 585
3 72 854
3 155 828
3 239 801
3 323 774
3 406 747
3 490 720
3 573 693
3 657 666
3 740 639
3 824 612
3 907 585
3 990 558
