0 1820 1016
0 1784 989
0 1747 962
0 1709 935
0 1672 908
0 1634 881
0 1596 854
0 1559 828
0 1521 801
0 1483 774
0 1445 747
0 1407 720
0 1369 693
0 1330 666
0 1292 639
0 1254 612
0 1215 585
0 1177 558
1 386 1016
1 424 989
1 463 962
1 502 935
1 541 908
1 580 881
1 620 854
1 659 828
1 698 801
1 737 774
1 777 747
1 816 720
1 855 693
1 894 666
1 933 639
1 973 612
1 1012 585
1 1051 558
2 58 881
2 134 854
2 211 828
2 288 801
2 365 774
2 442 747
2 518 720
2 595 693
2 672 666
2 749 639
2 826 612
2 903 585
2 979 558
