0 1820 1016
0 1783 989
0 1746 962
0 1709 935
0 1672 908
0 1635 881
0 1597 854
0 1560 828
0 1522 801
0 1485 774
0 1447 747
0 1409 720
0 1371 693
0 1333 666
0 1294 639
0 1256 612
0 1218 585
0 1179 558
1 373 1016
1 413 989
1 453 962
1 494 935
1 534 908
1 574 881
1 615 854
1 655 828
1 695 801
1 735 774
1 775 747
1 814 720
1 854 693
1 893 666
1 932 639
1 970 612
1 1008 585
1 1045 558
2 23 908
2 95 881
2 167 854
2 239 828
2 312 801
2 384 774
2 456 747
2 529 720
2 601 693
2 673 666
2 745 639
2 817 612
2 890 585
2 962 558
