0 389 1016
0 427 989
0 466 962
0 504 935
0 543 908
0 582 881
0 621 854
0 660 828
0 699 801
0 738 774
0 777 747
0 816 720
0 855 693
0 894 666
0 933 639
0 971 612
0 1010 585
0 1049 558
1 1784 1016
1 1749 989
1 1714 962
1 1678 935
1 1642 908
1 1607 881
1 1571 854
1 1535 828
1 1499 801
1 1463 774
1 1428 747
1 1392 720
1 1356 693
1 1320 666
1 1284 639
1 1248 612
1 1212 585
1 1177 558
2 8 908
2 82 881
2 157 854
2 231 828
2 305 801
2 379 774
2 454 747
2 528 720
2 603 693
2 677 666
2 751 639
2 826 612
2 900 585
2 974 558
