0 1791 1016
0 1757 989
0 1722 962
0 1687 935
0 1652 908
0 1617 881
0 1581 854
0 1546 828
0 1511 801
0 1475 774
0 1440 747
0 1405 720
0 1369 693
0 1334 666
0 1298 639
0 1263 612
0 1228 585
0 1192 558
1 357 1016
1 397 989
1 436 962
1 476 935
1 516 908
1 555 881
1 595 854
1 635 828
1 674 801
1 714 774
1 753 747
1 793 720
1 832 693
1 872 666
1 911 639
1 951 612
1 990 585
1 1029 558
2 26 881
2 102 854
2 178 828
2 254 801
2 330 774
2 406 747
2 482 720
2 558 693
2 634 666
2 710 639
2 786 612
2 862 585
2 937 558
