0 1809 1016
0 1773 989
0 1736 962
0 1699 935
0 1662 908
0 1625 881
0 1588 854
0 1551 828
0 1514 801
0 1476 774
0 1439 747
0 1402 720
0 1365 693
0 1328 666
0 1290 639
0 1253 612
0 1216 585
0 1179 558
1 435 1016
1 470 989
1 506 962
1 542 935
1 578 908
1 614 881
1 651 854
1 687 828
1 723 801
1 759 774
1 796 747
1 832 720
1 868 693
1 904 666
1 941 639
1 977 612
1 1013 585
1 1049 558
2 53 908
2 124 881
2 195 854
2 265 828
2 337 801
2 408 774
2 479 747
2 550 720
2 621 693
2 692 666
2 763 639
2 834 612
2 905 585
2 976 558
3 53 774
3 163 747
3 272 720
3 382 693
3 493 666
3 603 639
3 714 612
3 826 585
3 936 558
