0 1857 1016
0 1818 989
0 1779 962
0 1740 935
0 1701 908
0 1661 881
0 1622 854
0 1582 828
0 1543 801
0 1503 774
0 1463 747
0 1423 720
0 1383 693
0 1344 666
0 1304 639
0 1264 612
0 1224 585
0 1184 558
1 469 1016
1 502 989
1 536 962
1 570 935
1 604 908
1 638 881
1 673 854
1 707 828
1 741 801
1 776 774
1 810 747
1 845 720
1 879 693
1 914 666
1 948 639
1 983 612
1 1017 585
1 1052 558
2 1202 1016
2 1197 989
2 1192 962
2 1187 935
2 1182 908
2 1178 881
2 1173 854
2 1168 828
2 1164 801
2 1159 774
2 1154 747
2 1150 720
2 1145 693
2 1140 666
2 1135 639
2 1130 612
2 1125 585
2 1120 558
