0 1723 1016
0 1693 989
0 1662 962
0 1631 935
0 1599 908
0 1568 881
0 1536 854
0 1504 828
0 1473 801
0 1441 774
0 1410 747
0 1378 720
0 1346 693
0 1315 666
0 1283 639
0 1251 612
0 1220 585
0 1188 558
1 336 1016
1 378 989
1 419 962
1 461 935
1 503 908
1 545 881
1 588 854
1 630 828
1 672 801
1 715 774
1 758 747
1 801 720
1 843 693
1 886 666
1 930 639
1 973 612
1 1016 585
1 1060 558
2 51 881
2 130 854
2 208 828
2 287 801
2 366 774
2 444 747
2 523 720
2 602 693
2 680 666
2 759 639
2 838 612
2 916 585
2 995 558
3 114 747
3 232 720
3 350 693
3 469 666
3 588 639
3 707 612
3 827 585
3 946 558
