0 1696 1016
0 1667 989
0 1637 962
0 1606 935
0 1576 908
0 1545 881
0 1515 854
0 1484 828
0 1453 801
0 1422 774
0 1391 747
0 1360 720
0 1329 693
0 1298 666
0 1266 639
0 1235 612
0 1203 585
0 1172 558
1 339 1016
1 379 989
1 420 962
1 461 935
1 502 908
1 543 881
1 584 854
1 625 828
1 666 801
1 708 774
1 749 747
1 791 720
1 832 693
1 874 666
1 915 639
1 957 612
1 999 585
1 1041 558
2 42 881
2 120 854
2 198 828
2 276 801
2 355 774
2 433 747
2 511 720
2 589 693
2 667 666
2 745 639
2 824 612
2 902 585
2 980 558
