0 1765 1016
0 1732 989
0 1698 962
0 1664 935
0 1629 908
0 1595 881
0 1561 854
0 1526 828
0 1492 801
0 1457 774
0 1423 747
0 1388 720
0 1354 693
0 1319 666
0 1285 639
0 1250 612
0 1216 585
0 1182 558
1 424 1016
1 460 989
1 497 962
1 533 935
1 569 908
1 606 881
1 642 854
1 679 828
1 715 801
1 751 774
1 788 747
1 825 720
1 861 693
1 898 666
1 934 639
1 971 612
1 1007 585
1 1044 558
2 21 908
2 92 881
2 165 854
2 237 828
2 309 801
2 381 774
2 453 747
2 526 720
2 598 693
2 670 666
2 742 639
2 815 612
2 887 585
2 959 558
