0 404 1016
0 440 989
0 478 962
0 515 935
0 553 908
0 591 881
0 629 854
0 666 828
0 704 801
0 742 774
0 780 747
0 818 720
0 856 693
0 894 666
0 932 639
0 970 612
0 1007 585
0 1045 558
1 1791 1016
1 1757 989
1 1721 962
1 1686 935
1 1650 908
1 1614 881
1 1578 854
1 1543 828
1 1507 801
1 1471 774
1 1434 747
1 1398 720
1 1362 693
1 1325 666
1 1289 639
1 1252 612
1 1216 585
1 1179 558
2 28 908
2 101 881
2 174 854
2 247 828
2 320 801
2 393 774
2 466 747
2 539 720
2 612 693
2 685 666
2 758 639
2 831 612
2 904 585
2 977 558
3 39 774
3 149 747
3 258 720
3 369 693
3 480 666
3 590 639
3 702 612
3 813 585
3 925 558
