0 1767 1016
0 1733 989
0 1699 962
0 1664 935
0 1629 908
0 1595 881
0 1560 854
0 1525 828
0 1490 801
0 1454 774
0 1419 747
0 1384 720
0 1348 693
0 1313 666
0 1277 639
0 1242 612
0 1206 585
0 1170 558
1 399 1016
1 437 989
1 474 962
1 512 935
1 549 908
1 587 881
1 625 854
1 663 828
1 701 801
1 739 774
1 777 747
1 816 720
1 854 693
1 893 666
1 931 639
1 970 612
1 1009 585
1 1048 558
2 48 881
2 126 854
2 205 828
2 283 801
2 361 774
2 440 747
2 518 720
2 596 693
2 675 666
2 753 639
2 832 612
2 910 585
2 988 558
