0 1825 1016
0 1789 989
0 1752 962
0 1714 935
0 1677 908
0 1639 881
0 1601 854
0 1563 828
0 1526 801
0 1488 774
0 1450 747
0 1412 720
0 1374 693
0 1336 666
0 1298 639
0 1260 612
0 1221 585
0 1183 558
1 470 1016
1 504 989
1 537 962
1 571 935
1 605 908
1 640 881
1 674 854
1 708 828
1 742 801
1 777 774
1 811 747
1 846 720
1 880 693
1 915 666
1 949 639
1 984 612
1 1018 585
1 1053 558
2 29 908
2 102 881
2 176 854
2 249 828
2 322 801
2 396 774
2 469 747
2 542 720
2 616 693
2 689 666
2 763 639
2 836 612
2 909 585
2 983 558
