0 270 1016
0 315 989
0 360 962
0 406 935
0 451 908
0 496 881
0 542 854
0 587 828
0 632 801
0 678 774
0 723 747
0 769 720
0 814 693
0 859 666
0 905 639
0 950 612
0 995 585
0 1041 558
1 1688 1016
1 1660 989
1 1630 962
1 1600 935
1 1570 908
1 1541 881
1 1511 854
1 1480 828
1 1450 801
1 1420 774
1 1391 747
1 1361 720
1 1331 693
1 1301 666
1 1271 639
1 1242 612
1 1212 585
1 1183 558
2 26 881
2 105 854
2 184 828
2 263 801
2 342 774
2 421 747
2 500 720
2 579 693
2 658 666
2 737 639
2 816 612
2 895 585
2 974 558
