0 1718 1016
0 1686 989
0 1654 962
0 1622 935
0 1590 908
0 1557 881
0 1525 854
0 1492 828
0 1460 801
0 1428 774
0 1395 747
0 1363 720
0 1331 693
0 1298 666
0 1266 639
0 1234 612
0 1201 585
0 1169 558
1 387 1016
1 424 989
1 461 962
1 499 935
1 536 908
1 574 881
1 612 854
1 649 828
1 687 801
1 725 774
1 763 747
1 801 720
1 839 693
1 878 666
1 916 639
1 955 612
1 993 585
1 1032 558
2 74 881
2 148 854
2 223 828
2 298 801
2 373 774
2 448 747
2 523 720
2 598 693
2 673 666
2 748 639
2 823 612
2 898 585
2 973 558
