0 389 1016
0 427 989
0 466 962
0 505 935
0 543 908
0 582 881
0 621 854
0 659 828
0 698 801
0 737 774
0 775 747
0 814 720
0 852 693
0 891 666
0 930 639
0 968 612
0 1007 585
0 1045 558
1 1789 1016
1 1755 989
1 1719 962
1 1684 935
1 1648 908
1 1612 881
1 1576 854
1 1540 828
1 1504 801
1 1468 774
1 1432 747
1 1396 720
1 1359 693
1 1323 666
1 1286 639
1 1250 612
1 1213 585
1 1176 558
2 55 881
2 132 854
2 208 828
2 284 801
2 360 774
2 436 747
2 512 720
2 588 693
2 664 666
2 740 639
2 817 612
2 893 585
2 969 558
