0 1758 1016
0 1726 989
0 1692 962
0 1659 935
0 1625 908
0 1591 881
0 1557 854
0 1522 828
0 1488 801
0 1454 774
0 1420 747
0 1386 720
0 1351 693
0 1317 666
0 1283 639
0 1249 612
0 1214 585
0 1180 558
1 321 1016
1 363 989
1 406 962
1 448 935
1 491 908
1 534 881
1 576 854
1 619 828
1 661 801
1 704 774
1 747 747
1 789 720
1 832 693
1 875 666
1 917 639
1 960 612
1 1002 585
1 1044 558
2 58 854
2 140 828
2 223 801
2 305 774
2 388 747
2 470 720
2 553 693
2 635 666
2 718 639
2 800 612
2 883 585
2 966 558
