0 1810 1016
0 1774 989
0 1738 962
0 1701 935
0 1665 908
0 1628 881
0 1592 854
0 1555 828
0 1519 801
0 1482 774
0 1446 747
0 1409 720
0 1372 693
0 1336 666
0 1299 639
0 1262 612
0 1226 585
0 1189 558
1 358 1016
1 397 989
1 437 962
1 478 935
1 518 908
1 558 881
1 599 854
1 639 828
1 680 801
1 721 774
1 761 747
1 802 720
1 843 693
1 883 666
1 924 639
1 964 612
1 1005 585
1 1045 558
2 1088 1016
2 1089 989
2 1090 962
2 1092 935
2 1093 908
2 1094 881
2 1096 854
2 1097 828
2 1098 801
2 1100 774
2 1101 747
2 1103 720
2 1104 693
2 1105 666
2 1107 639
2 1108 612
2 1109 585
2 1110 558
