0 1774 1016
0 1740 989
0 1705 962
0 1670 935
0 1635 908
0 1600 881
0 1565 854
0 1530 828
0 1495 801
0 1460 774
0 1425 747
0 1390 720
0 1355 693
0 1320 666
0 1285 639
0 1250 612
0 1215 585
0 1179 558
1 363 1016
1 403 989
1 443 962
1 484 935
1 524 908
1 565 881
1 605 854
1 646 828
1 686 801
1 727 774
1 767 747
1 808 720
1 849 693
1 889 666
1 930 639
1 970 612
1 1011 585
1 1051 558
2 5 908
2 80 881
2 155 854
2 230 828
2 305 801
2 380 774
2 455 747
2 530 720
2 605 693
2 680 666
2 756 639
2 831 612
2 906 585
2 981 558
