0 415 1016
0 451 989
0 489 962
0 526 935
0 563 908
0 600 881
0 638 854
0 675 828
0 713 801
0 750 774
0 788 747
0 825 720
0 863 693
0 900 666
0 937 639
0 975 612
0 1012 585
0 1049 558
1 1789 1016
1 1755 989
1 1720 962
1 1685 935
1 1650 908
1 1615 881
1 1580 854
1 1545 828
1 1510 801
1 1474 774
1 1439 747
1 1403 720
1 1367 693
1 1331 666
1 1295 639
1 1259 612
1 1222 585
1 1185 558
2 65 908
2 135 881
2 205 854
2 276 828
2 346 801
2 416 774
2 487 747
2 558 720
2 628 693
2 699 666
2 769 639
2 840 612
2 910 585
2 980 558
