0 1710 1016
0 1680 989
0 1649 962
0 1618 935
0 1586 908
0 1555 881
0 1524 854
0 1492 828
0 1460 801
0 1429 774
0 1397 747
0 1366 720
0 1334 693
0 1302 666
0 1271 639
0 1239 612
0 1208 585
0 1176 558
1 312 1016
1 354 989
1 396 962
1 439 935
1 481 908
1 524 881
1 567 854
1 610 828
1 653 801
1 696 774
1 738 747
1 781 720
1 824 693
1 867 666
1 910 639
1 953 612
1 996 585
1 1038 558
2 28 881
2 106 854
2 183 828
2 261 801
2 339 774
2 416 747
2 494 720
2 572 693
2 649 666
2 727 639
2 804 612
2 882 585
2 959 558
