0 1753 1016
0 1720 989
0 1687 962
0 1653 935
0 1619 908
0 1585 881
0 1551 854
0 1517 828
0 1483 801
0 1449 774
0 1415 747
0 1381 720
0 1347 693
0 1313 666
0 1278 639
0 1244 612
0 1210 585
0 1176 558
1 337 1016
1 378 989
1 419 962
1 461 935
1 503 908
1 545 881
1 587 854
1 629 828
1 671 801
1 713 774
1 755 747
1 797 720
1 840 693
1 882 666
1 924 639
1 966 612
1 1008 585
1 1050 558
2 856 1016
2 869 989
2 883 962
2 897 935
2 911 908
2 924 881
2 938 854
2 952 828
2 966 801
2 979 774
2 993 747
2 1007 720
2 1020 693
2 1034 666
2 1048 639
2 1061 612
2 1075 585
2 1088 558
