0 489 1016
0 520 989
0 552 962
0 583 935
0 615 908
0 647 881
0 679 854
0 711 828
0 743 801
0 775 774
0 807 747
0 839 720
0 871 693
0 903 666
0 935 639
0 967 612
0 999 585
0 1031 558
1 1864 1016
1 1825 989
1 1786 962
1 1746 935
1 1705 908
1 1665 881
1 1625 854
1 1584 828
1 1544 801
1 1503 774
1 1462 747
1 1421 720
1 1380 693
1 1338 666
1 1297 639
1 1255 612
1 1213 585
1 1171 558
2 33 774
2 139 747
2 247 720
2 354 693
2 462 666
2 569 639
2 677 612
2 786 585
2 893 558
3 31 908
3 102 881
3 173 854
3 244 828
3 315 801
3 386 774
3 457 747
3 528 720
3 599 693
3 670 666
3 741 639
3 812 612
3 883 585
3 954 558
