0 1766 1016
0 1733 989
0 1699 962
0 1665 935
0 1631 908
0 1597 881
0 1563 854
0 1529 828
0 1494 801
0 1460 774
0 1425 747
0 1390 720
0 1355 693
0 1320 666
0 1285 639
0 1250 612
0 1214 585
0 1178 558
1 340 1016
1 380 989
1 421 962
1 463 935
1 504 908
1 546 881
1 588 854
1 630 828
1 672 801
1 714 774
1 756 747
1 798 720
1 840 693
1 882 666
1 924 639
1 966 612
1 1008 585
1 1050 558
2 63 881
2 140 854
2 218 828
2 295 801
2 372 774
2 450 747
2 527 720
2 604 693
2 682 666
2 759 639
2 836 612
2 914 585
2 991 558
