0 411 1016
0 449 989
0 488 962
0 526 935
0 565 908
0 603 881
0 642 854
0 680 828
0 719 801
0 757 774
0 796 747
0 834 720
0 873 693
0 911 666
0 949 639
0 988 612
0 1026 585
0 1064 558
1 1814 1016
1 1779 989
1 1743 962
1 1707 935
1 1671 908
1 1635 881
1 1598 854
1 1562 828
1 1525 801
1 1488 774
1 1451 747
1 1415 720
1 1378 693
1 1341 666
1 1303 639
1 1266 612
1 1229 585
1 1191 558
2 68 881
2 145 854
2 222 828
2 299 801
2 376 774
2 453 747
2 529 720
2 606 693
2 683 666
2 760 639
2 837 612
2 914 585
2 991 558
