0 1844 1016
0 1807 989
0 1768 962
0 1729 935
0 1690 908
0 1650 881
0 1611 854
0 1572 828
0 1532 801
0 1492 774
0 1452 747
0 1412 720
0 1372 693
0 1332 666
0 1291 639
0 1251 612
0 1210 585
0 1168 558
1 497 1016
1 528 989
1 559 962
1 590 935
1 621 908
1 653 881
1 684 854
1 715 828
1 747 801
1 778 774
1 810 747
1 841 720
1 872 693
1 904 666
1 935 639
1 966 612
1 997 585
1 1029 558
2 31 908
2 102 881
2 173 854
2 244 828
2 315 801
2 386 774
2 457 747
2 528 720
2 600 693
2 671 666
2 741 639
2 812 612
2 883 585
2 954 558
3 21 774
3 128 747
3 236 720
3 344 693
3 453 666
3 561 639
3 670 612
3 779 585
3 888 558
