0 1846 1016
0 1809 989
0 1770 962
0 1731 935
0 1692 908
0 1653 881
0 1614 854
0 1575 828
0 1535 801
0 1496 774
0 1457 747
0 1417 720
0 1378 693
0 1338 666
0 1298 639
0 1259 612
0 1219 585
0 1180 558
1 458 1016
1 492 989
1 526 962
1 561 935
1 595 908
1 630 881
1 665 854
1 700 828
1 735 801
1 769 774
1 804 747
1 839 720
1 874 693
1 909 666
1 944 639
1 978 612
1 1013 585
1 1048 558
2 34 908
2 106 881
2 178 854
2 250 828
2 322 801
2 394 774
2 466 747
2 538 720
2 611 693
2 683 666
2 755 639
2 827 612
2 899 585
2 971 558
