0 1731 1016
0 1699 989
0 1667 962
0 1635 935
0 1602 908
0 1569 881
0 1537 854
0 1504 828
0 1471 801
0 1438 774
0 1406 747
0 1373 720
0 1340 693
0 1307 666
0 1275 639
0 1242 612
0 1209 585
0 1177 558
1 359 1016
1 398 989
1 437 962
1 476 935
1 515 908
1 555 881
1 594 854
1 634 828
1 673 801
1 713 774
1 753 747
1 793 720
1 834 693
1 874 666
1 915 639
1 956 612
1 997 585
1 1039 558
2 42 881
2 121 854
2 199 828
2 278 801
2 357 774
2 435 747
2 514 720
2 592 693
2 671 666
2 750 639
2 828 612
2 907 585
2 986 558
