0 1820 1016
0 1784 989
0 1746 962
0 1709 935
0 1671 908
0 1633 881
0 1596 854
0 1558 828
0 1520 801
0 1482 774
0 1443 747
0 1405 720
0 1367 693
0 1328 666
0 1289 639
0 1251 612
0 1212 585
0 1173 558
1 446 1016
1 481 989
1 515 962
1 550 935
1 586 908
1 621 881
1 656 854
1 692 828
1 727 801
1 763 774
1 799 747
1 834 720
1 870 693
1 905 666
1 941 639
1 977 612
1 1012 585
1 1048 558
2 29 908
2 102 881
2 176 854
2 249 828
2 323 801
2 397 774
2 470 747
2 544 720
2 618 693
2 691 666
2 765 639
2 839 612
2 912 585
2 986 558
3 56 774
3 166 747
3 276 720
3 386 693
3 497 666
3 608 639
3 720 612
3 831 585
3 942 558
