0 343 1016
0 384 989
0 425 962
0 466 935
0 507 908
0 548 881
0 589 854
0 631 828
0 672 801
0 713 774
0 755 747
0 796 720
0 838 693
0 879 666
0 921 639
0 962 612
0 1003 585
0 1045 558
1 1764 1016
1 1730 989
1 1696 962
1 1662 935
1 1627 908
1 1593 881
1 1558 854
1 1523 828
1 1488 801
1 1454 774
1 1419 747
1 1384 720
1 1349 693
1 1315 666
1 1280 639
1 1245 612
1 1210 585
1 1176 558
2 986 1016
2 993 989
2 999 962
2 1006 935
2 1012 908
2 1019 881
2 1025 854
2 1032 828
2 1038 801
2 1045 774
2 1051 747
2 1058 720
2 1064 693
2 1071 666
2 1078 639
2 1084 612
2 1090 585
2 1097 558
