0 1757 1016
0 1724 989
0 1690 962
0 1656 935
0 1622 908
0 1588 881
0 1553 854
0 1519 828
0 1485 801
0 1451 774
0 1416 747
0 1382 720
0 1347 693
0 1313 666
0 1279 639
0 1244 612
0 1210 585
0 1176 558
1 335 1016
1 375 989
1 417 962
1 459 935
1 501 908
1 543 881
1 585 854
1 627 828
1 670 801
1 712 774
1 754 747
1 797 720
1 839 693
1 882 666
1 924 639
1 966 612
1 1008 585
1 1050 558
2 18 774
2 132 747
2 245 720
2 359 693
2 474 666
2 588 639
2 703 612
2 818 585
2 933 558
3 852 1016
3 866 989
3 880 962
3 894 935
3 908 908
3 922 881
3 936 854
3 950 828
3 965 801
3 979 774
3 993 747
3 1007 720
3 1021 693
3 1035 666
3 1049 639
3 1063 612
3 1077 585
3 1091 558
