0 1759 1016
0 1726 989
0 1693 962
0 1659 935
0 1625 908
0 1591 881
0 1556 854
0 1522 828
0 1488 801
0 1454 774
0 1419 747
0 1385 720
0 1351 693
0 1317 666
0 1282 639
0 1248 612
0 1214 585
0 1180 558
1 414 1016
1 451 989
1 488 962
1 525 935
1 562 908
1 600 881
1 637 854
1 675 828
1 713 801
1 750 774
1 788 747
1 826 720
1 864 693
1 902 666
1 940 639
1 978 612
1 1015 585
1 1053 558
2 852 1016
2 866 989
2 879 962
2 893 935
2 907 908
2 922 881
2 936 854
2 950 828
2 964 801
2 978 774
2 992 747
2 1006 720
2 1020 693
2 1034 666
2 1048 639
2 1062 612
2 1076 585
2 1089 558
