0 1790 1016
0 1755 989
0 1720 962
0 1684 935
0 1647 908
0 1611 881
0 1575 854
0 1539 828
0 1502 801
0 1466 774
0 1429 747
0 1393 720
0 1357 693
0 1320 666
0 1284 639
0 1247 612
0 1211 585
0 1174 558
1 377 1016
1 416 989
1 455 962
1 495 935
1 535 908
1 575 881
1 615 854
1 656 828
1 696 801
1 736 774
1 777 747
1 817 720
1 858 693
1 898 666
1 939 639
1 979 612
1 1020 585
1 1060 558
2 39 908
2 113 881
2 187 854
2 262 828
2 336 801
2 410 774
2 485 747
2 559 720
2 633 693
2 708 666
2 782 639
2 856 612
2 930 585
2 1005 558
