0 1725 1016
0 1694 989
0 1662 962
0 1630 935
0 1598 908
0 1565 881
0 1533 854
0 1501 828
0 1468 801
0 1436 774
0 1403 747
0 1370 720
0 1336 693
0 1303 666
0 1270 639
0 1236 612
0 1202 585
0 1167 558
1 343 1016
1 383 989
1 422 962
1 462 935
1 502 908
1 542 881
1 582 854
1 623 828
1 663 801
1 703 774
1 743 747
1 784 720
1 824 693
1 864 666
1 904 639
1 945 612
1 985 585
1 1025 558
2 30 881
2 106 854
2 183 828
2 259 801
2 336 774
2 412 747
2 488 720
2 565 693
2 641 666
2 718 639
2 794 612
2 870 585
2 947 558
