0 1704 1016
0 1674 989
0 1643 962
0 1612 935
0 1580 908
0 1549 881
0 1517 854
0 1486 828
0 1454 801
0 1422 774
0 1390 747
0 1358 720
0 1326 693
0 1294 666
0 1262 639
0 1230 612
0 1198 585
0 1165 558
1 334 1016
1 375 989
1 415 962
1 456 935
1 498 908
1 539 881
1 580 854
1 622 828
1 663 801
1 705 774
1 746 747
1 788 720
1 829 693
1 871 666
1 913 639
1 955 612
1 996 585
1 1038 558
2 2 881
2 84 854
2 166 828
2 247 801
2 329 774
2 410 747
2 492 720
2 573 693
2 655 666
2 737 639
2 818 612
2 900 585
2 981 558
