0 1793 1016
0 1757 989
0 1722 962
0 1686 935
0 1649 908
0 1613 881
0 1577 854
0 1541 828
0 1504 801
0 1468 774
0 1431 747
0 1395 720
0 1358 693
0 1321 666
0 1285 639
0 1248 612
0 1211 585
0 1174 558
1 4 908
1 78 881
1 153 854
1 228 828
1 302 801
1 377 774
1 452 747
1 527 720
1 601 693
1 676 666
1 751 639
1 826 612
1 901 585
1 975 558
2 378 1016
2 414 989
2 452 962
2 491 935
2 529 908
2 568 881
2 607 854
2 646 828
2 685 801
2 724 774
2 764 747
2 803 720
2 842 693
2 881 666
2 920 639
2 959 612
2 998 585
2 1037 558
