0 412 1016
0 449 989
0 486 962
0 523 935
0 560 908
0 598 881
0 635 854
0 673 828
0 710 801
0 747 774
0 785 747
0 823 720
0 860 693
0 898 666
0 935 639
0 973 612
0 1011 585
0 1048 558
1 1778 1016
1 1744 989
1 1709 962
1 1673 935
1 1638 908
1 1602 881
1 1567 854
1 1531 828
1 1496 801
1 1460 774
1 1424 747
1 1389 720
1 1353 693
1 1317 666
1 1281 639
1 1245 612
1 1210 585
1 1174 558
2 21 881
2 101 854
2 182 828
2 262 801
2 343 774
2 423 747
2 504 720
2 584 693
2 665 666
2 745 639
2 825 612
2 906 585
2 986 558
