0 313 1016
0 355 989
0 398 962
0 440 935
0 483 908
0 526 881
0 569 854
0 611 828
0 654 801
0 697 774
0 740 747
0 783 720
0 826 693
0 870 666
0 913 639
0 956 612
0 999 585
0 1043 558
1 1679 1016
1 1651 989
1 1622 962
1 1593 935
1 1564 908
1 1535 881
1 1505 854
1 1476 828
1 1446 801
1 1417 774
1 1387 747
1 1358 720
1 1328 693
1 1298 666
1 1269 639
1 1239 612
1 1210 585
1 1180 558
2 78 854
2 160 828
2 241 801
2 323 774
2 404 747
2 486 720
2 567 693
2 649 666
2 730 639
2 812 612
2 893 585
2 975 558
