0 1727 1016
0 1695 989
0 1663 962
0 1630 935
0 1598 908
0 1565 881
0 1532 854
0 1499 828
0 1466 801
0 1433 774
0 1399 747
0 1366 720
0 1333 693
0 1299 666
0 1266 639
0 1232 612
0 1199 585
0 1165 558
1 316 1016
1 358 989
1 400 962
1 442 935
1 485 908
1 528 881
1 571 854
1 614 828
1 657 801
1 701 774
1 744 747
1 787 720
1 830 693
1 873 666
1 917 639
1 960 612
1 1003 585
1 1046 558
2 17 881
2 97 854
2 178 828
2 259 801
2 340 774
2 421 747
2 502 720
2 582 693
2 663 666
2 744 639
2 825 612
2 906 585
2 986 558
