0 1749 1016
0 1716 989
0 1683 962
0 1650 935
0 1616 908
0 1583 881
0 1549 854
0 1515 828
0 1482 801
0 1448 774
0 1414 747
0 1381 720
0 1347 693
0 1313 666
0 1279 639
0 1245 612
0 1212 585
0 1178 558
1 320 1016
1 362 989
1 405 962
1 448 935
1 491 908
1 534 881
1 577 854
1 620 828
1 663 801
1 706 774
1 749 747
1 792 720
1 835 693
1 878 666
1 921 639
1 964 612
1 1007 585
1 1050 558
2 1015 1016
2 1020 989
2 1026 962
2 1031 935
2 1037 908
2 1042 881
2 1047 854
2 1053 828
2 1058 801
2 1064 774
2 1069 747
2 1075 720
2 1080 693
2 1085 666
2 1091 639
2 1096 612
2 1101 585
2 1107 558
