0 359 1016
0 399 989
0 439 962
0 479 935
0 519 908
0 559 881
0 600 854
0 640 828
0 680 801
0 720 774
0 761 747
0 801 720
0 841 693
0 881 666
0 922 639
0 962 612
0 1002 585
0 1042 558
1 1771 1016
1 1736 989
1 1701 962
1 1666 935
1 1631 908
1 1596 881
1 1561 854
1 1526 828
1 1490 801
1 1455 774
1 1420 747
1 1384 720
1 1349 693
1 1314 666
1 1278 639
1 1243 612
1 1208 585
1 1173 558
2 11 774
2 125 747
2 239 720
2 354 693
2 469 666
2 584 639
2 699 612
2 815 585
2 930 558
3 880 1016
3 892 989
3 904 962
3 916 935
3 928 908
3 940 881
3 952 854
3 965 828
3 977 801
3 989 774
3 1002 747
3 1014 720
3 1026 693
3 1038 666
3 1051 639
3 1063 612
3 1075 585
3 1087 558
