0 1844 1016
0 1807 989
0 1769 962
0 1731 935
0 1693 908
0 1655 881
0 1616 854
0 1578 828
0 1539 801
0 1500 774
0 1461 747
0 1422 720
0 1383 693
0 1344 666
0 1304 639
0 1265 612
0 1225 585
0 1185 558
1 419 1016
1 457 989
1 494 962
1 532 935
1 570 908
1 608 881
1 646 854
1 683 828
1 721 801
1 759 774
1 797 747
1 835 720
1 873 693
1 911 666
1 949 639
1 987 612
1 1025 585
1 1062 558
2 68 881
2 145 854
2 222 828
2 300 801
2 377 774
2 454 747
2 531 720
2 608 693
2 686 666
2 763 639
2 840 612
2 917 585
2 994 558
