0 1697 1016
0 1667 989
0 1635 962
0 1604 935
0 1572 908
0 1540 881
0 1509 854
0 1477 828
0 1445 801
0 1414 774
0 1383 747
0 1352 720
0 1321 693
0 1290 666
0 1260 639
0 1229 612
0 1200 585
0 1170 558
1 276 1016
1 320 989
1 364 962
1 408 935
1 452 908
1 496 881
1 540 854
1 585 828
1 630 801
1 674 774
1 719 747
1 764 720
1 809 693
1 855 666
1 900 639
1 946 612
1 992 585
1 1039 558
2 73 854
2 155 828
2 238 801
2 321 774
2 403 747
2 486 720
2 568 693
2 651 666
2 733 639
2 816 612
2 898 585
2 981 558
