0 1774 1016
0 1740 989
0 1706 962
0 1671 935
0 1637 908
0 1602 881
0 1568 854
0 1533 828
0 1498 801
0 1464 774
0 1429 747
0 1394 720
0 1359 693
0 1325 666
0 1290 639
0 1255 612
0 1220 585
0 1186 558
1 390 1016
1 428 989
1 466 962
1 504 935
1 543 908
1 581 881
1 620 854
1 658 828
1 697 801
1 736 774
1 774 747
1 813 720
1 852 693
1 890 666
1 929 639
1 968 612
1 1006 585
1 1045 558
2 48 881
2 124 854
2 201 828
2 277 801
2 354 774
2 430 747
2 507 720
2 583 693
2 660 666
2 736 639
2 813 612
2 889 585
2 966 558
