0 1776 1016
0 1741 989
0 1706 962
0 1671 935
0 1636 908
0 1601 881
0 1566 854
0 1530 828
0 1495 801
0 1459 774
0 1424 747
0 1388 720
0 1353 693
0 1317 666
0 1281 639
0 1246 612
0 1210 585
0 1174 558
1 382 1016
1 421 989
1 459 962
1 498 935
1 537 908
1 576 881
1 616 854
1 655 828
1 694 801
1 734 774
1 773 747
1 813 720
1 852 693
1 892 666
1 931 639
1 971 612
1 1011 585
1 1050 558
2 68 881
2 146 854
2 223 828
2 300 801
2 377 774
2 455 747
2 532 720
2 609 693
2 686 666
2 764 639
2 841 612
2 918 585
2 995 558
