0 1785 1016
0 1751 989
0 1715 962
0 1680 935
0 1644 908
0 1609 881
0 1573 854
0 1537 828
0 1502 801
0 1466 774
0 1431 747
0 1395 720
0 1360 693
0 1324 666
0 1289 639
0 1253 612
0 1218 585
0 1183 558
1 420 1016
1 456 989
1 492 962
1 529 935
1 565 908
1 601 881
1 638 854
1 675 828
1 711 801
1 748 774
1 785 747
1 822 720
1 858 693
1 895 666
1 932 639
1 969 612
1 1006 585
1 1044 558
2 40 881
2 117 854
2 194 828
2 271 801
2 348 774
2 425 747
2 502 720
2 579 693
2 656 666
2 734 639
2 811 612
2 888 585
2 965 558
