0 1679 1016
0 1650 989
0 1620 962
0 1589 935
0 1559 908
0 1528 881
0 1497 854
0 1467 828
0 1436 801
0 1405 774
0 1375 747
0 1344 720
0 1313 693
0 1282 666
0 1251 639
0 1220 612
0 1190 585
0 1159 558
1 283 1016
1 326 989
1 370 962
1 414 935
1 458 908
1 502 881
1 546 854
1 590 828
1 635 801
1 679 774
1 723 747
1 768 720
1 812 693
1 857 666
1 901 639
1 946 612
1 990 585
1 1034 558
2 0 881
2 81 854
2 162 828
2 242 801
2 323 774
2 403 747
2 484 720
2 564 693
2 645 666
2 725 639
2 806 612
2 886 585
2 967 558
