0 329 1016
0 370 989
0 412 962
0 454 935
0 496 908
0 538 881
0 580 854
0 622 828
0 664 801
0 706 774
0 748 747
0 790 720
0 832 693
0 874 666
0 916 639
0 958 612
0 1000 585
0 1042 558
1 1755 1016
1 1723 989
1 1690 962
1 1656 935
1 1622 908
1 1588 881
1 1554 854
1 1520 828
1 1486 801
1 1451 774
1 1417 747
1 1382 720
1 1347 693
1 1313 666
1 1278 639
1 1243 612
1 1207 585
1 1172 558
2 1025 1016
2 1030 989
2 1036 962
2 1042 935
2 1047 908
2 1053 881
2 1058 854
2 1063 828
2 1069 801
2 1073 774
2 1078 747
2 1083 720
2 1087 693
2 1091 666
2 1095 639
2 1099 612
2 1102 585
2 1104 558
