0 1797 1016
0 1762 989
0 1727 962
0 1691 935
0 1655 908
0 1620 881
0 1584 854
0 1548 828
0 1512 801
0 1476 774
0 1441 747
0 1405 720
0 1369 693
0 1333 666
0 1297 639
0 1261 612
0 1225 585
0 1189 558
1 356 1016
1 396 989
1 436 962
1 477 935
1 517 908
1 557 881
1 598 854
1 638 828
1 678 801
1 719 774
1 759 747
1 799 720
1 840 693
1 880 666
1 920 639
1 961 612
1 1001 585
1 1041 558
2 1053 1016
2 1056 989
2 1059 962
2 1063 935
2 1066 908
2 1069 881
2 1072 854
2 1075 828
2 1078 801
2 1081 774
2 1084 747
2 1088 720
2 1091 693
2 1094 666
2 1097 639
2 1100 612
2 1103 585
2 1105 558
3 6 774
3 116 747
3 226 720
3 337 693
3 448 666
3 559 639
3 671 612
3 782 585
3 894 558
