0 1776 1016
0 1742 989
0 1707 962
0 1673 935
0 1638 908
0 1603 881
0 1568 854
0 1533 828
0 1498 801
0 1463 774
0 1428 747
0 1392 720
0 1357 693
0 1322 666
0 1286 639
0 1250 612
0 1215 585
0 1178 558
1 344 1016
1 384 989
1 425 962
1 466 935
1 508 908
1 550 881
1 592 854
1 634 828
1 676 801
1 718 774
1 760 747
1 802 720
1 844 693
1 887 666
1 929 639
1 971 612
1 1012 585
1 1054 558
2 1088 1016
2 1091 989
2 1093 962
2 1095 935
2 1097 908
2 1100 881
2 1102 854
2 1104 828
2 1106 801
2 1108 774
2 1110 747
2 1112 720
2 1114 693
2 1116 666
2 1117 639
2 1119 612
2 1120 585
2 1121 558
