0 1688 1016
0 1659 989
0 1629 962
0 1599 935
0 1568 908
0 1538 881
0 1508 854
0 1477 828
0 1447 801
0 1417 774
0 1386 747
0 1356 720
0 1326 693
0 1295 666
0 1265 639
0 1234 612
0 1204 585
0 1174 558
1 318 1016
1 359 989
1 400 962
1 442 935
1 484 908
1 527 881
1 569 854
1 611 828
1 654 801
1 697 774
1 739 747
1 782 720
1 825 693
1 867 666
1 910 639
1 953 612
1 996 585
1 1039 558
2 875 1016
2 888 989
2 901 962
2 914 935
2 927 908
2 940 881
2 953 854
2 966 828
2 979 801
2 992 774
2 1005 747
2 1018 720
2 1031 693
2 1044 666
2 1057 639
2 1070 612
2 1082 585
2 1095 558
