0 1848 1016
0 1810 989
0 1772 962
0 1734 935
0 1695 908
0 1656 881
0 1617 854
0 1578 828
0 1538 801
0 1499 774
0 1460 747
0 1420 720
0 1381 693
0 1341 666
0 1302 639
0 1262 612
0 1223 585
0 1183 558
1 425 1016
1 462 989
1 499 962
1 536 935
1 574 908
1 611 881
1 649 854
1 686 828
1 724 801
1 761 774
1 799 747
1 836 720
1 874 693
1 911 666
1 949 639
1 986 612
1 1024 585
1 1061 558
2 62 881
2 140 854
2 217 828
2 295 801
2 372 774
2 450 747
2 528 720
2 605 693
2 683 666
2 760 639
2 838 612
2 915 585
2 993 558
