0 1768 1016
0 1734 989
0 1700 962
0 1665 935
0 1630 908
0 1595 881
0 1560 854
0 1525 828
0 1490 801
0 1455 774
0 1419 747
0 1384 720
0 1349 693
0 1314 666
0 1279 639
0 1244 612
0 1209 585
0 1174 558
1 358 1016
1 397 989
1 437 962
1 477 935
1 517 908
1 557 881
1 598 854
1 638 828
1 679 801
1 719 774
1 760 747
1 801 720
1 841 693
1 882 666
1 922 639
1 963 612
1 1003 585
1 1043 558
2 38 881
2 116 854
2 195 828
2 273 801
2 352 774
2 430 747
2 509 720
2 587 693
2 666 666
2 744 639
2 822 612
2 901 585
2 979 558
