0 1714 1016
0 1684 989
0 1653 962
0 1622 935
0 1590 908
0 1559 881
0 1527 854
0 1496 828
0 1464 801
0 1433 774
0 1401 747
0 1369 720
0 1338 693
0 1306 666
0 1274 639
0 1242 612
0 1210 585
0 1179 558
1 296 1016
1 340 989
1 384 962
1 429 935
1 473 908
1 517 881
1 562 854
1 606 828
1 650 801
1 695 774
1 739 747
1 783 720
1 828 693
1 872 666
1 916 639
1 960 612
1 1005 585
1 1049 558
2 34 881
2 113 854
2 192 828
2 271 801
2 350 774
2 429 747
2 508 720
2 587 693
2 666 666
2 745 639
2 824 612
2 903 585
2 981 558
