0 326 1016
0 366 989
0 406 962
0 447 935
0 488 908
0 529 881
0 571 854
0 612 828
0 654 801
0 695 774
0 737 747
0 779 720
0 821 693
0 863 666
0 905 639
0 947 612
0 990 585
0 1033 558
1 1718 1016
1 1687 989
1 1655 962
1 1623 935
1 1591 908
1 1558 881
1 1526 854
1 1494 828
1 1461 801
1 1429 774
1 1397 747
1 1365 720
1 1332 693
1 1300 666
1 1268 639
1 1236 612
1 1204 585
1 1172 558
2 32 881
2 112 854
2 191 828
2 271 801
2 350 774
2 430 747
2 509 720
2 589 693
2 668 666
2 748 639
2 827 612
2 907 585
2 986 558
