0 1719 1016
0 1687 989
0 1655 962
0 1623 935
0 1591 908
0 1558 881
0 1526 854
0 1493 828
0 1461 801
0 1428 774
0 1396 747
0 1363 720
0 1331 693
0 1298 666
0 1265 639
0 1233 612
0 1200 585
0 1168 558
1 327 1016
1 368 989
1 409 962
1 450 935
1 491 908
1 532 881
1 574 854
1 615 828
1 657 801
1 698 774
1 740 747
1 781 720
1 823 693
1 865 666
1 906 639
1 948 612
1 989 585
1 1031 558
2 65 881
2 139 854
2 214 828
2 289 801
2 364 774
2 439 747
2 513 720
2 588 693
2 663 666
2 738 639
2 813 612
2 888 585
2 962 558
