0 455 1016
0 489 989
0 524 962
0 558 935
0 593 908
0 628 881
0 663 854
0 698 828
0 733 801
0 768 774
0 803 747
0 838 720
0 873 693
0 908 666
0 943 639
0 978 612
0 1013 585
0 1048 558
1 1836 1016
1 1799 989
1 1761 962
1 1723 935
1 1684 908
1 1646 881
1 1608 854
1 1569 828
1 1530 801
1 1492 774
1 1453 747
1 1414 720
1 1375 693
1 1336 666
1 1297 639
1 1257 612
1 1218 585
1 1178 558
2 20 908
2 94 881
2 167 854
2 241 828
2 315 801
2 389 774
2 463 747
2 537 720
2 611 693
2 685 666
2 759 639
2 833 612
2 907 585
2 981 558
