0 1757 1016
0 1724 989
0 1690 962
0 1656 935
0 1622 908
0 1587 881
0 1553 854
0 1519 828
0 1484 801
0 1450 774
0 1415 747
0 1381 720
0 1346 693
0 1312 666
0 1278 639
0 1243 612
0 1209 585
0 1174 558
1 344 1016
1 385 989
1 426 962
1 467 935
1 508 908
1 549 881
1 591 854
1 632 828
1 673 801
1 714 774
1 755 747
1 797 720
1 838 693
1 879 666
1 921 639
1 962 612
1 1003 585
1 1044 558
2 865 1016
2 878 989
2 891 962
2 904 935
2 917 908
2 930 881
2 943 854
2 956 828
2 969 801
2 982 774
2 995 747
2 1008 720
2 1022 693
2 1035 666
2 1048 639
2 1061 612
2 1073 585
2 1086 558
3 13 774
3 126 747
3 239 720
3 352 693
3 466 666
3 579 639
3 693 612
3 807 585
3 921 558
