0 338 1016
0 379 989
0 420 962
0 461 935
0 502 908
0 544 881
0 586 854
0 627 828
0 669 801
0 711 774
0 753 747
0 794 720
0 836 693
0 878 666
0 920 639
0 961 612
0 1003 585
0 1044 558
1 1768 1016
1 1735 989
1 1700 962
1 1666 935
1 1631 908
1 1596 881
1 1561 854
1 1526 828
1 1491 801
1 1456 774
1 1421 747
1 1385 720
1 1350 693
1 1315 666
1 1280 639
1 1245 612
1 1210 585
1 1175 558
2 982 1016
2 989 989
2 996 962
2 1003 935
2 1010 908
2 1016 881
2 1023 854
2 1030 828
2 1037 801
2 1044 774
2 1050 747
2 1057 720
2 1064 693
2 1071 666
2 1078 639
2 1084 612
2 1091 585
2 1098 558
