0 1769 1016
0 1736 989
0 1701 962
0 1667 935
0 1632 908
0 1597 881
0 1562 854
0 1527 828
0 1492 801
0 1457 774
0 1422 747
0 1386 720
0 1351 693
0 1316 666
0 1281 639
0 1246 612
0 1211 585
0 1175 558
1 359 1016
1 399 989
1 438 962
1 478 935
1 518 908
1 558 881
1 599 854
1 639 828
1 679 801
1 719 774
1 759 747
1 800 720
1 840 693
1 880 666
1 920 639
1 961 612
1 1001 585
1 1041 558
2 46 881
2 123 854
2 200 828
2 277 801
2 354 774
2 430 747
2 507 720
2 584 693
2 661 666
2 738 639
2 815 612
2 891 585
2 968 558
