0 1751 1016
0 1719 989
0 1685 962
0 1652 935
0 1618 908
0 1584 881
0 1550 854
0 1516 828
0 1482 801
0 1448 774
0 1413 747
0 1379 720
0 1345 693
0 1311 666
0 1277 639
0 1242 612
0 1208 585
0 1174 558
1 323 1016
1 365 989
1 406 962
1 448 935
1 491 908
1 533 881
1 575 854
1 618 828
1 660 801
1 703 774
1 745 747
1 788 720
1 830 693
1 873 666
1 915 639
1 958 612
1 1000 585
1 1042 558
2 1 774
2 116 747
2 231 720
2 347 693
2 463 666
2 579 639
2 696 612
2 813 585
2 929 558
3 2110 774
3 2007 747
3 1904 720
3 1800 693
3 1697 666
3 1594 639
3 1490 612
3 1387 585
3 1283 558
