0 1873 1016
0 1835 989
0 1795 962
0 1755 935
0 1714 908
0 1674 881
0 1634 854
0 1593 828
0 1553 801
0 1513 774
0 1472 747
0 1432 720
0 1391 693
0 1350 666
0 1310 639
0 1269 612
0 1229 585
0 1188 558
1 491 1016
1 523 989
1 555 962
1 588 935
1 620 908
1 653 881
1 686 854
1 719 828
1 752 801
1 785 774
1 819 747
1 852 720
1 886 693
1 920 666
1 954 639
1 988 612
1 1023 585
1 1058 558
2 71 908
2 143 881
2 214 854
2 286 828
2 358 801
2 429 774
2 501 747
2 572 720
2 644 693
2 716 666
2 787 639
2 859 612
2 930 585
2 1002 558
