0 406 1016
0 443 989
0 480 962
0 517 935
0 554 908
0 591 881
0 629 854
0 666 828
0 704 801
0 741 774
0 778 747
0 816 720
0 853 693
0 890 666
0 927 639
0 964 612
0 1001 585
0 1038 558
1 1807 1016
1 1771 989
1 1735 962
1 1699 935
1 1663 908
1 1626 881
1 1590 854
1 1553 828
1 1516 801
1 1479 774
1 1441 747
1 1403 720
1 1365 693
1 1327 666
1 1288 639
1 1249 612
1 1209 585
1 1169 558
2 34 908
2 106 881
2 177 854
2 248 828
2 319 801
2 390 774
2 461 747
2 532 720
2 604 693
2 675 666
2 746 639
2 817 612
2 888 585
2 958 558
