0 1761 1016
0 1728 989
0 1694 962
0 1660 935
0 1625 908
0 1591 881
0 1557 854
0 1522 828
0 1487 801
0 1453 774
0 1418 747
0 1384 720
0 1349 693
0 1314 666
0 1280 639
0 1245 612
0 1210 585
0 1176 558
1 360 1016
1 398 989
1 438 962
1 478 935
1 518 908
1 558 881
1 598 854
1 639 828
1 679 801
1 720 774
1 760 747
1 801 720
1 841 693
1 882 666
1 922 639
1 962 612
1 1003 585
1 1043 558
2 41 881
2 118 854
2 196 828
2 274 801
2 351 774
2 429 747
2 507 720
2 585 693
2 662 666
2 740 639
2 818 612
2 895 585
2 973 558
