0 388 1016
0 427 989
0 467 962
0 506 935
0 546 908
0 586 881
0 626 854
0 665 828
0 705 801
0 745 774
0 785 747
0 825 720
0 864 693
0 904 666
0 944 639
0 984 612
0 1024 585
0 1063 558
1 1798 1016
1 1764 989
1 1729 962
1 1693 935
1 1657 908
1 1622 881
1 1586 854
1 1550 828
1 1513 801
1 1477 774
1 1441 747
1 1404 720
1 1368 693
1 1331 666
1 1294 639
1 1257 612
1 1220 585
1 1182 558
2 51 881
2 128 854
2 206 828
2 285 801
2 363 774
2 441 747
2 519 720
2 597 693
2 676 666
2 754 639
2 833 612
2 911 585
2 990 558
3 1077 1016
3 1080 989
3 1082 962
3 1084 935
3 1087 908
3 1089 881
3 1091 854
3 1094 828
3 1096 801
3 1098 774
3 1100 747
3 1103 720
3 1105 693
3 1107 666
3 1109 639
3 1112 612
3 1114 585
3 1116 558
