0 279 1016
0 322 989
0 365 962
0 409 935
0 452 908
0 496 881
0 540 854
0 584 828
0 628 801
0 672 774
0 716 747
0 760 720
0 805 693
0 849 666
0 894 639
0 939 612
0 984 585
0 1030 558
1 1694 1016
1 1665 989
1 1634 962
1 1603 935
1 1572 908
1 1541 881
1 1510 854
1 1479 828
1 1448 801
1 1417 774
1 1387 747
1 1357 720
1 1326 693
1 1297 666
1 1267 639
1 1238 612
1 1209 585
1 1180 558
2 30 881
2 108 854
2 186 828
2 263 801
2 341 774
2 419 747
2 497 720
2 574 693
2 652 666
2 730 639
2 808 612
2 885 585
2 963 558
