0 1725 1016
0 1695 989
0 1664 962
0 1632 935
0 1600 908
0 1569 881
0 1537 854
0 1505 828
0 1472 801
0 1440 774
0 1408 747
0 1375 720
0 1343 693
0 1310 666
0 1277 639
0 1244 612
0 1211 585
0 1178 558
1 348 1016
1 387 989
1 428 962
1 468 935
1 509 908
1 550 881
1 591 854
1 632 828
1 673 801
1 714 774
1 756 747
1 797 720
1 838 693
1 879 666
1 921 639
1 962 612
1 1003 585
1 1044 558
2 815 1016
2 832 989
2 849 962
2 865 935
2 882 908
2 899 881
2 915 854
2 932 828
2 948 801
2 965 774
2 981 747
2 998 720
2 1014 693
2 1030 666
2 1047 639
2 1063 612
2 1079 585
2 1095 558
