0 1782 1016
0 1747 989
0 1712 962
0 1677 935
0 1641 908
0 1606 881
0 1570 854
0 1534 828
0 1499 801
0 1463 774
0 1427 747
0 1391 720
0 1355 693
0 1320 666
0 1284 639
0 1248 612
0 1212 585
0 1176 558
1 429 1016
1 466 989
1 502 962
1 539 935
1 576 908
1 612 881
1 649 854
1 686 828
1 723 801
1 759 774
1 796 747
1 833 720
1 870 693
1 906 666
1 943 639
1 980 612
1 1017 585
1 1053 558
2 22 908
2 96 881
2 170 854
2 244 828
2 318 801
2 392 774
2 466 747
2 540 720
2 614 693
2 688 666
2 762 639
2 836 612
2 911 585
2 985 558
