0 1720 1016
0 1689 989
0 1658 962
0 1626 935
0 1595 908
0 1563 881
0 1532 854
0 1500 828
0 1468 801
0 1436 774
0 1403 747
0 1371 720
0 1338 693
0 1305 666
0 1271 639
0 1238 612
0 1204 585
0 1169 558
1 359 1016
1 398 989
1 438 962
1 478 935
1 518 908
1 557 881
1 597 854
1 637 828
1 677 801
1 717 774
1 757 747
1 796 720
1 836 693
1 876 666
1 916 639
1 956 612
1 996 585
1 1036 558
2 38 881
2 116 854
2 193 828
2 270 801
2 348 774
2 425 747
2 503 720
2 580 693
2 657 666
2 735 639
2 812 612
2 889 585
2 967 558
