0 1767 1016
0 1734 989
0 1700 962
0 1665 935
0 1631 908
0 1596 881
0 1561 854
0 1527 828
0 1492 801
0 1457 774
0 1422 747
0 1388 720
0 1353 693
0 1318 666
0 1283 639
0 1248 612
0 1214 585
0 1179 558
1 359 1016
1 399 989
1 439 962
1 479 935
1 520 908
1 560 881
1 601 854
1 642 828
1 682 801
1 723 774
1 764 747
1 805 720
1 846 693
1 887 666
1 927 639
1 968 612
1 1009 585
1 1049 558
2 20 908
2 94 881
2 169 854
2 243 828
2 318 801
2 392 774
2 467 747
2 541 720
2 616 693
2 690 666
2 765 639
2 839 612
2 914 585
2 988 558
