0 1783 1016
0 1748 989
0 1713 962
0 1678 935
0 1643 908
0 1608 881
0 1573 854
0 1537 828
0 1502 801
0 1467 774
0 1432 747
0 1396 720
0 1361 693
0 1325 666
0 1290 639
0 1255 612
0 1220 585
0 1184 558
1 430 1016
1 466 989
1 502 962
1 537 935
1 573 908
1 610 881
1 646 854
1 682 828
1 718 801
1 754 774
1 791 747
1 827 720
1 863 693
1 899 666
1 936 639
1 972 612
1 1008 585
1 1044 558
2 33 774
2 143 747
2 253 720
2 363 693
2 474 666
2 585 639
2 697 612
2 809 585
2 920 558
3 37 908
3 109 881
3 181 854
3 253 828
3 325 801
3 397 774
3 469 747
3 541 720
3 614 693
3 686 666
3 758 639
3 830 612
3 902 585
3 974 558
