0 395 1016
0 432 989
0 470 962
0 508 935
0 546 908
0 584 881
0 622 854
0 660 828
0 699 801
0 737 774
0 775 747
0 814 720
0 852 693
0 891 666
0 929 639
0 968 612
0 1006 585
0 1045 558
1 1768 1016
1 1734 989
1 1699 962
1 1664 935
1 1629 908
1 1594 881
1 1559 854
1 1524 828
1 1489 801
1 1453 774
1 1418 747
1 1383 720
1 1347 693
1 1312 666
1 1276 639
1 1240 612
1 1204 585
1 1169 558
2 21 935
2 89 908
2 157 881
2 225 854
2 294 828
2 362 801
2 431 774
2 499 747
2 568 720
2 636 693
2 705 666
2 774 639
2 842 612
2 911 585
2 979 558
