0 1850 1016
0 1812 989
0 1774 962
0 1735 935
0 1696 908
0 1656 881
0 1617 854
0 1577 828
0 1538 801
0 1498 774
0 1459 747
0 1419 720
0 1379 693
0 1339 666
0 1299 639
0 1259 612
0 1219 585
0 1179 558
1 415 1016
1 452 989
1 489 962
1 527 935
1 564 908
1 602 881
1 639 854
1 677 828
1 714 801
1 752 774
1 789 747
1 827 720
1 864 693
1 901 666
1 939 639
1 976 612
1 1014 585
1 1051 558
2 60 881
2 137 854
2 214 828
2 292 801
2 369 774
2 446 747
2 524 720
2 601 693
2 678 666
2 755 639
2 833 612
2 910 585
2 987 558
3 31 774
3 143 747
3 255 720
3 367 693
3 480 666
3 593 639
3 706 612
3 819 585
3 933 558
