0 1795 1016
0 1761 989
0 1726 962
0 1691 935
0 1656 908
0 1620 881
0 1585 854
0 1550 828
0 1514 801
0 1478 774
0 1442 747
0 1405 720
0 1368 693
0 1331 666
0 1293 639
0 1255 612
0 1216 585
0 1176 558
1 398 1016
1 434 989
1 471 962
1 509 935
1 546 908
1 584 881
1 622 854
1 660 828
1 698 801
1 736 774
1 774 747
1 812 720
1 850 693
1 887 666
1 925 639
1 963 612
1 1001 585
1 1038 558
2 28 908
2 100 881
2 172 854
2 244 828
2 316 801
2 388 774
2 460 747
2 532 720
2 604 693
2 676 666
2 748 639
2 820 612
2 891 585
2 963 558
