0 1829 1016
0 1793 989
0 1755 962
0 1718 935
0 1681 908
0 1643 881
0 1605 854
0 1568 828
0 1530 801
0 1492 774
0 1454 747
0 1416 720
0 1377 693
0 1339 666
0 1300 639
0 1261 612
0 1222 585
0 1183 558
1 423 1016
1 458 989
1 494 962
1 530 935
1 567 908
1 603 881
1 640 854
1 677 828
1 713 801
1 750 774
1 787 747
1 823 720
1 860 693
1 897 666
1 934 639
1 970 612
1 1007 585
1 1043 558
2 47 908
2 119 881
2 190 854
2 261 828
2 333 801
2 404 774
2 476 747
2 547 720
2 619 693
2 690 666
2 762 639
2 833 612
2 905 585
2 976 558
