0 1747 1016
0 1714 989
0 1681 962
0 1647 935
0 1613 908
0 1579 881
0 1545 854
0 1510 828
0 1476 801
0 1442 774
0 1408 747
0 1374 720
0 1339 693
0 1305 666
0 1271 639
0 1237 612
0 1202 585
0 1168 558
1 39 908
1 110 881
1 182 854
1 253 828
1 324 801
1 396 774
1 467 747
1 539 720
1 610 693
1 682 666
1 753 639
1 825 612
1 896 585
1 967 558
2 389 1016
2 425 989
2 462 962
2 500 935
2 537 908
2 575 881
2 613 854
2 651 828
2 689 801
2 727 774
2 766 747
2 804 720
2 843 693
2 881 666
2 920 639
2 959 612
2 998 585
2 1038 558
