0 1667 1016
0 1639 989
0 1610 962
0 1580 935
0 1550 908
0 1521 881
0 1491 854
0 1461 828
0 1431 801
0 1401 774
0 1371 747
0 1341 720
0 1311 693
0 1281 666
0 1251 639
0 1221 612
0 1191 585
0 1161 558
1 309 1016
1 350 989
1 391 962
1 433 935
1 475 908
1 516 881
1 558 854
1 600 828
1 643 801
1 685 774
1 727 747
1 770 720
1 812 693
1 855 666
1 898 639
1 941 612
1 984 585
1 1028 558
2 65 854
2 146 828
2 227 801
2 308 774
2 389 747
2 471 720
2 552 693
2 633 666
2 714 639
2 795 612
2 876 585
2 957 558
