0 443 1016
0 477 989
0 512 962
0 547 935
0 582 908
0 617 881
0 652 854
0 687 828
0 722 801
0 758 774
0 793 747
0 829 720
0 864 693
0 900 666
0 935 639
0 971 612
0 1007 585
0 1043 558
1 1805 1016
1 1770 989
1 1734 962
1 1697 935
1 1661 908
1 1624 881
1 1587 854
1 1551 828
1 1514 801
1 1477 774
1 1439 747
1 1402 720
1 1364 693
1 1326 666
1 1289 639
1 1250 612
1 1212 585
1 1173 558
2 10 908
2 84 881
2 159 854
2 233 828
2 307 801
2 382 774
2 456 747
2 531 720
2 605 693
2 680 666
2 754 639
2 828 612
2 903 585
2 977 558
