0 451 1016
0 485 989
0 520 962
0 555 935
0 590 908
0 626 881
0 661 854
0 696 828
0 732 801
0 767 774
0 803 747
0 838 720
0 874 693
0 909 666
0 945 639
0 980 612
0 1016 585
0 1051 558
1 1838 1016
1 1801 989
1 1764 962
1 1726 935
1 1687 908
1 1649 881
1 1610 854
1 1572 828
1 1533 801
1 1494 774
1 1456 747
1 1416 720
1 1377 693
1 1338 666
1 1299 639
1 1259 612
1 1220 585
1 1180 558
2 16 908
2 90 881
2 164 854
2 237 828
2 311 801
2 385 774
2 459 747
2 533 720
2 607 693
2 681 666
2 755 639
2 828 612
2 902 585
2 976 558
