0 359 1016
0 399 989
0 439 962
0 479 935
0 519 908
0 560 881
0 600 854
0 640 828
0 680 801
0 721 774
0 761 747
0 801 720
0 842 693
0 882 666
0 922 639
0 962 612
0 1002 585
0 1042 558
1 1776 1016
1 1742 989
1 1707 962
1 1672 935
1 1637 908
1 1602 881
1 1567 854
1 1531 828
1 1496 801
1 1460 774
1 1424 747
1 1388 720
1 1351 693
1 1315 666
1 1278 639
1 1240 612
1 1203 585
1 1164 558
2 35 774
2 145 747
2 256 720
2 367 693
2 478 666
2 589 639
2 700 612
2 812 585
2 923 558
3 2112 774
3 2007 747
3 1902 720
3 1796 693
3 1690 666
3 1585 639
3 1479 612
3 1373 585
3 1267 558
