0 1889 1016
0 1849 989
0 1809 962
0 1768 935
0 1727 908
0 1687 881
0 1646 854
0 1605 828
0 1564 801
0 1523 774
0 1482 747
0 1441 720
0 1401 693
0 1360 666
0 1319 639
0 1278 612
0 1237 585
0 1196 558
1 889 1016
1 900 989
1 912 962
1 924 935
1 937 908
1 949 881
1 961 854
1 973 828
1 986 801
1 998 774
1 1010 747
1 1022 720
1 1035 693
1 1047 666
1 1059 639
1 1071 612
1 1084 585
1 1096 558
2 537 1016
2 567 989
2 597 962
2 627 935
2 658 908
2 688 881
2 719 854
2 750 828
2 781 801
2 812 774
2 842 747
2 873 720
2 904 693
2 935 666
2 966 639
2 997 612
2 1028 585
2 1059 558
