0 1863 1016
0 1825 989
0 1785 962
0 1746 935
0 1706 908
0 1666 881
0 1626 854
0 1586 828
0 1546 801
0 1505 774
0 1465 747
0 1424 720
0 1384 693
0 1343 666
0 1302 639
0 1260 612
0 1219 585
0 1177 558
1 0 935
1 70 908
1 140 881
1 210 854
1 280 828
1 350 801
1 420 774
1 490 747
1 560 720
1 630 693
1 700 666
1 770 639
1 840 612
1 910 585
1 980 558
2 841 1016
2 854 989
2 868 962
2 881 935
2 895 908
2 909 881
2 923 854
2 937 828
2 951 801
2 965 774
2 979 747
2 994 720
2 1008 693
2 1022 666
2 1036 639
2 1050 612
2 1064 585
2 1077 558
