0 1775 1016
0 1741 989
0 1706 962
0 1672 935
0 1637 908
0 1603 881
0 1568 854
0 1533 828
0 1499 801
0 1464 774
0 1430 747
0 1395 720
0 1361 693
0 1326 666
0 1292 639
0 1257 612
0 1223 585
0 1189 558
1 315 1016
1 357 989
1 399 962
1 442 935
1 486 908
1 529 881
1 572 854
1 616 828
1 659 801
1 703 774
1 747 747
1 790 720
1 834 693
1 878 666
1 922 639
1 965 612
1 1009 585
1 1052 558
2 100 747
2 219 720
2 337 693
2 457 666
2 575 639
2 695 612
2 814 585
2 934 558
3 2196 801
3 2096 774
3 1997 747
3 1897 720
3 1797 693
3 1697 666
3 1597 639
3 1497 612
3 1396 585
3 1296 558
