0 1839 1016
0 1802 989
0 1763 962
0 1724 935
0 1686 908
0 1646 881
0 1607 854
0 1568 828
0 1529 801
0 1490 774
0 1450 747
0 1411 720
0 1371 693
0 1331 666
0 1292 639
0 1252 612
0 1212 585
0 1172 558
1 64 908
1 134 881
1 204 854
1 274 828
1 345 801
1 415 774
1 486 747
1 557 720
1 627 693
1 698 666
1 769 639
1 840 612
1 910 585
1 981 558
2 822 1016
2 836 989
2 852 962
2 867 935
2 882 908
2 897 881
2 912 854
2 927 828
2 942 801
2 957 774
2 972 747
2 988 720
2 1003 693
2 1018 666
2 1033 639
2 1048 612
2 1062 585
2 1077 558
3 523 1016
3 553 989
3 584 962
3 615 935
3 645 908
3 676 881
3 707 854
3 738 828
3 769 801
3 800 774
3 831 747
3 862 720
3 894 693
3 925 666
3 956 639
3 987 612
3 1017 585
3 1048 558
