0 1781 1016
0 1747 989
0 1712 962
0 1677 935
0 1641 908
0 1606 881
0 1571 854
0 1535 828
0 1499 801
0 1464 774
0 1428 747
0 1392 720
0 1356 693
0 1320 666
0 1284 639
0 1248 612
0 1211 585
0 1175 558
1 453 1016
1 488 989
1 522 962
1 557 935
1 592 908
1 627 881
1 661 854
1 696 828
1 731 801
1 766 774
1 800 747
1 835 720
1 870 693
1 905 666
1 940 639
1 974 612
1 1009 585
1 1044 558
2 2194 801
2 2093 774
2 1992 747
2 1891 720
2 1790 693
2 1689 666
2 1588 639
2 1486 612
2 1385 585
2 1284 558
3 1025 1016
3 1029 989
3 1033 962
3 1038 935
3 1042 908
3 1047 881
3 1051 854
3 1056 828
3 1060 801
3 1065 774
3 1069 747
3 1074 720
3 1078 693
3 1082 666
3 1087 639
3 1091 612
3 1095 585
3 1100 558
