0 437 1016
0 473 989
0 509 962
0 545 935
0 581 908
0 617 881
0 653 854
0 689 828
0 725 801
0 762 774
0 798 747
0 834 720
0 870 693
0 906 666
0 943 639
0 979 612
0 1015 585
0 1051 558
1 1775 1016
1 1741 989
1 1707 962
1 1672 935
1 1638 908
1 1603 881
1 1568 854
1 1533 828
1 1498 801
1 1463 774
1 1428 747
1 1393 720
1 1358 693
1 1323 666
1 1288 639
1 1253 612
1 1218 585
1 1183 558
2 2201 801
2 2100 774
2 1998 747
2 1897 720
2 1796 693
2 1694 666
2 1593 639
2 1491 612
2 1390 585
2 1288 558
3 16 774
3 131 747
3 247 720
3 363 693
3 480 666
3 596 639
3 713 612
3 830 585
3 947 558
