0 393 1016
0 430 989
0 468 962
0 506 935
0 544 908
0 583 881
0 621 854
0 659 828
0 698 801
0 736 774
0 774 747
0 813 720
0 851 693
0 889 666
0 927 639
0 966 612
0 1004 585
0 1042 558
1 1787 1016
1 1752 989
1 1717 962
1 1681 935
1 1645 908
1 1609 881
1 1573 854
1 1537 828
1 1500 801
1 1464 774
1 1428 747
1 1392 720
1 1356 693
1 1320 666
1 1283 639
1 1247 612
1 1211 585
1 1175 558
2 16 881
2 95 854
2 173 828
2 251 801
2 329 774
2 408 747
2 486 720
2 564 693
2 642 666
2 721 639
2 799 612
2 877 585
2 955 558
3 2196 801
3 2096 774
3 1997 747
3 1897 720
3 1797 693
3 1698 666
3 1598 639
3 1498 612
3 1398 585
3 1298 558
