0 481 1016
0 513 989
0 547 962
0 581 935
0 615 908
0 649 881
0 683 854
0 718 828
0 752 801
0 787 774
0 821 747
0 855 720
0 890 693
0 924 666
0 959 639
0 993 612
0 1027 585
0 1061 558
1 1808 1016
1 1771 989
1 1735 962
1 1698 935
1 1661 908
1 1623 881
1 1586 854
1 1549 828
1 1512 801
1 1474 774
1 1436 747
1 1398 720
1 1360 693
1 1321 666
1 1283 639
1 1244 612
1 1204 585
1 1164 558
2 1245 1016
2 1238 989
2 1231 962
2 1223 935
2 1215 908
2 1208 881
2 1200 854
2 1192 828
2 1185 801
2 1177 774
2 1169 747
2 1161 720
2 1153 693
2 1146 666
2 1138 639
2 1130 612
2 1122 585
2 1114 558
