0 1733 1016
0 1702 989
0 1670 962
0 1637 935
0 1605 908
0 1572 881
0 1539 854
0 1507 828
0 1474 801
0 1441 774
0 1407 747
0 1374 720
0 1341 693
0 1307 666
0 1274 639
0 1240 612
0 1206 585
0 1172 558
1 1110 1016
1 1111 989
1 1111 962
1 1111 935
1 1111 908
1 1111 881
1 1111 854
1 1111 828
1 1111 801
1 1110 774
1 1110 747
1 1110 720
1 1109 693
1 1109 666
1 1109 639
1 1108 612
1 1108 585
1 1108 558
2 322 1016
2 364 989
2 407 962
2 450 935
2 493 908
2 536 881
2 579 854
2 623 828
2 666 801
2 709 774
2 753 747
2 796 720
2 839 693
2 882 666
2 926 639
2 969 612
2 1012 585
2 1054 558
3 2189 801
3 2088 774
3 1988 747
3 1887 720
3 1786 693
3 1685 666
3 1584 639
3 1483 612
3 1382 585
3 1281 558
