0 439 1016
0 474 989
0 510 962
0 546 935
0 582 908
0 619 881
0 656 854
0 692 828
0 729 801
0 766 774
0 803 747
0 840 720
0 877 693
0 913 666
0 950 639
0 987 612
0 1024 585
0 1060 558
1 1817 1016
1 1781 989
1 1745 962
1 1708 935
1 1671 908
1 1634 881
1 1596 854
1 1559 828
1 1521 801
1 1483 774
1 1445 747
1 1407 720
1 1369 693
1 1331 666
1 1292 639
1 1253 612
1 1214 585
1 1175 558
2 67 881
2 144 854
2 221 828
2 299 801
2 376 774
2 454 747
2 531 720
2 609 693
2 687 666
2 764 639
2 842 612
2 920 585
2 997 558
