0 594 1016
0 620 989
0 647 962
0 674 935
0 701 908
0 729 881
0 756 854
0 784 828
0 811 801
0 839 774
0 866 747
0 894 720
0 922 693
0 949 666
0 977 639
0 1004 612
0 1032 585
0 1059 558
1 1250 1016
1 1244 989
1 1237 962
1 1229 935
1 1222 908
1 1215 881
1 1208 854
1 1201 828
1 1193 801
1 1186 774
1 1179 747
1 1171 720
1 1164 693
1 1157 666
1 1149 639
1 1142 612
1 1135 585
1 1127 558
2 1870 1016
2 1831 989
2 1792 962
2 1752 935
2 1712 908
2 1672 881
2 1632 854
2 1592 828
2 1552 801
2 1512 774
2 1472 747
2 1431 720
2 1390 693
2 1349 666
2 1308 639
2 1267 612
2 1225 585
2 1183 558
