0 1738 1016
0 1707 989
0 1674 962
0 1641 935
0 1608 908
0 1574 881
0 1541 854
0 1508 828
0 1474 801
0 1441 774
0 1407 747
0 1374 720
0 1340 693
0 1307 666
0 1273 639
0 1240 612
0 1206 585
0 1173 558
1 325 1016
1 366 989
1 408 962
1 450 935
1 492 908
1 535 881
1 577 854
1 620 828
1 662 801
1 705 774
1 747 747
1 790 720
1 832 693
1 875 666
1 917 639
1 960 612
1 1002 585
1 1045 558
2 2199 801
2 2098 774
2 1998 747
2 1897 720
2 1796 693
2 1695 666
2 1593 639
2 1492 612
2 1391 585
2 1289 558
3 91 747
3 211 720
3 331 693
3 452 666
3 573 639
3 694 612
3 816 585
3 937 558
