0 408 1016
0 445 989
0 483 962
0 521 935
0 559 908
0 597 881
0 635 854
0 674 828
0 712 801
0 750 774
0 789 747
0 827 720
0 866 693
0 904 666
0 942 639
0 980 612
0 1019 585
0 1057 558
1 1804 1016
1 1769 989
1 1733 962
1 1697 935
1 1661 908
1 1624 881
1 1588 854
1 1552 828
1 1515 801
1 1478 774
1 1442 747
1 1405 720
1 1368 693
1 1331 666
1 1294 639
1 1257 612
1 1220 585
1 1182 558
2 2187 801
2 2087 774
2 1988 747
2 1888 720
2 1788 693
2 1688 666
2 1588 639
2 1488 612
2 1388 585
2 1288 558
3 99 747
3 217 720
3 335 693
3 454 666
3 573 639
3 692 612
3 812 585
3 931 558
