0 1744 1016
0 1712 989
0 1680 962
0 1647 935
0 1613 908
0 1580 881
0 1547 854
0 1513 828
0 1480 801
0 1446 774
0 1413 747
0 1380 720
0 1346 693
0 1313 666
0 1280 639
0 1246 612
0 1213 585
0 1180 558
1 393 1016
1 432 989
1 472 962
1 512 935
1 551 908
1 591 881
1 631 854
1 670 828
1 710 801
1 750 774
1 789 747
1 829 720
1 868 693
1 908 666
1 947 639
1 987 612
1 1026 585
1 1065 558
2 791 1016
2 808 989
2 825 962
2 842 935
2 860 908
2 878 881
2 895 854
2 913 828
2 931 801
2 948 774
2 966 747
2 984 720
2 1002 693
2 1019 666
2 1037 639
2 1055 612
2 1072 585
2 1090 558
3 2196 801
3 2095 774
3 1995 747
3 1894 720
3 1793 693
3 1693 666
3 1592 639
3 1491 612
3 1390 585
3 1289 558
