0 1819 1016
0 1782 989
0 1744 962
0 1707 935
0 1669 908
0 1631 881
0 1593 854
0 1555 828
0 1517 801
0 1480 774
0 1442 747
0 1404 720
0 1366 693
0 1329 666
0 1291 639
0 1253 612
0 1216 585
0 1179 558
1 423 1016
1 458 989
1 494 962
1 531 935
1 567 908
1 604 881
1 641 854
1 678 828
1 715 801
1 752 774
1 789 747
1 827 720
1 864 693
1 901 666
1 938 639
1 975 612
1 1012 585
1 1049 558
2 111 747
2 228 720
2 345 693
2 462 666
2 579 639
2 696 612
2 814 585
2 931 558
3 2202 801
3 2100 774
3 1998 747
3 1897 720
3 1795 693
3 1693 666
3 1591 639
3 1489 612
3 1387 585
3 1285 558
