0 1779 1016
0 1745 989
0 1710 962
0 1675 935
0 1640 908
0 1605 881
0 1570 854
0 1535 828
0 1499 801
0 1464 774
0 1429 747
0 1393 720
0 1358 693
0 1322 666
0 1287 639
0 1251 612
0 1215 585
0 1179 558
1 438 1016
1 474 989
1 510 962
1 546 935
1 582 908
1 618 881
1 654 854
1 691 828
1 727 801
1 764 774
1 800 747
1 837 720
1 873 693
1 909 666
1 946 639
1 982 612
1 1019 585
1 1055 558
2 2200 801
2 2098 774
2 1996 747
2 1894 720
2 1793 693
2 1691 666
2 1589 639
2 1487 612
2 1384 585
2 1282 558
3 1000 1016
3 1006 989
3 1012 962
3 1018 935
3 1024 908
3 1030 881
3 1037 854
3 1043 828
3 1049 801
3 1056 774
3 1062 747
3 1068 720
3 1075 693
3 1081 666
3 1087 639
3 1093 612
3 1099 585
3 1105 558
