0 480 1016
0 513 989
0 546 962
0 579 935
0 613 908
0 646 881
0 680 854
0 714 828
0 748 801
0 782 774
0 816 747
0 849 720
0 883 693
0 917 666
0 951 639
0 985 612
0 1019 585
0 1053 558
1 1807 1016
1 1771 989
1 1735 962
1 1699 935
1 1663 908
1 1626 881
1 1590 854
1 1553 828
1 1517 801
1 1480 774
1 1444 747
1 1407 720
1 1370 693
1 1333 666
1 1295 639
1 1258 612
1 1220 585
1 1183 558
2 1183 1016
2 1179 989
2 1175 962
2 1171 935
2 1167 908
2 1163 881
2 1159 854
2 1155 828
2 1151 801
2 1147 774
2 1143 747
2 1139 720
2 1135 693
2 1130 666
2 1126 639
2 1122 612
2 1118 585
2 1114 558
