0 1772 1016
0 1738 989
0 1704 962
0 1670 935
0 1635 908
0 1600 881
0 1566 854
0 1531 828
0 1496 801
0 1461 774
0 1425 747
0 1390 720
0 1354 693
0 1317 666
0 1281 639
0 1245 612
0 1208 585
0 1170 558
1 432 1016
1 466 989
1 501 962
1 536 935
1 571 908
1 606 881
1 641 854
1 676 828
1 712 801
1 747 774
1 782 747
1 817 720
1 853 693
1 888 666
1 923 639
1 958 612
1 993 585
1 1028 558
2 2188 801
2 2086 774
2 1985 747
2 1883 720
2 1781 693
2 1679 666
2 1577 639
2 1475 612
2 1373 585
2 1271 558
3 107 747
3 223 720
3 339 693
3 455 666
3 572 639
3 688 612
3 805 585
3 922 558
