0 1787 1016
0 1754 989
0 1719 962
0 1685 935
0 1650 908
0 1615 881
0 1580 854
0 1545 828
0 1510 801
0 1475 774
0 1439 747
0 1404 720
0 1369 693
0 1333 666
0 1297 639
0 1261 612
0 1226 585
0 1189 558
1 382 1016
1 421 989
1 461 962
1 500 935
1 540 908
1 580 881
1 620 854
1 660 828
1 701 801
1 741 774
1 781 747
1 821 720
1 862 693
1 902 666
1 942 639
1 983 612
1 1023 585
1 1063 558
2 74 774
2 185 747
2 296 720
2 408 693
2 520 666
2 631 639
2 744 612
2 856 585
2 968 558
3 2153 774
3 2047 747
3 1940 720
3 1834 693
3 1727 666
3 1620 639
3 1514 612
3 1407 585
3 1300 558
