0 1791 1016
0 1757 989
0 1721 962
0 1685 935
0 1649 908
0 1614 881
0 1578 854
0 1541 828
0 1505 801
0 1469 774
0 1433 747
0 1397 720
0 1361 693
0 1325 666
0 1289 639
0 1253 612
0 1216 585
0 1180 558
1 441 1016
1 476 989
1 511 962
1 547 935
1 582 908
1 618 881
1 653 854
1 689 828
1 725 801
1 760 774
1 796 747
1 832 720
1 868 693
1 903 666
1 939 639
1 975 612
1 1011 585
1 1048 558
2 1081 1016
2 1084 989
2 1086 962
2 1089 935
2 1091 908
2 1093 881
2 1095 854
2 1097 828
2 1099 801
2 1101 774
2 1103 747
2 1105 720
2 1107 693
2 1109 666
2 1111 639
2 1113 612
2 1114 585
2 1116 558
