0 1890 1016
0 1851 989
0 1811 962
0 1770 935
0 1729 908
0 1689 881
0 1648 854
0 1607 828
0 1566 801
0 1525 774
0 1484 747
0 1443 720
0 1402 693
0 1361 666
0 1319 639
0 1278 612
0 1237 585
0 1195 558
1 519 1016
1 551 989
1 582 962
1 614 935
1 646 908
1 679 881
1 711 854
1 743 828
1 776 801
1 808 774
1 840 747
1 873 720
1 905 693
1 938 666
1 970 639
1 1003 612
1 1035 585
1 1068 558
2 20 935
2 90 908
2 160 881
2 230 854
2 300 828
2 370 801
2 440 774
2 510 747
2 580 720
2 650 693
2 720 666
2 790 639
2 860 612
2 930 585
2 1000 558
3 87 774
3 194 747
3 301 720
3 409 693
3 518 666
3 626 639
3 735 612
3 843 585
3 952 558
