0 1737 1016
0 1706 989
0 1674 962
0 1642 935
0 1610 908
0 1577 881
0 1545 854
0 1513 828
0 1481 801
0 1448 774
0 1416 747
0 1384 720
0 1351 693
0 1319 666
0 1287 639
0 1255 612
0 1223 585
0 1191 558
1 387 1016
1 425 989
1 463 962
1 501 935
1 540 908
1 578 881
1 617 854
1 655 828
1 694 801
1 733 774
1 772 747
1 812 720
1 851 693
1 892 666
1 932 639
1 973 612
1 1014 585
1 1056 558
2 11 908
2 88 881
2 165 854
2 242 828
2 319 801
2 396 774
2 473 747
2 550 720
2 627 693
2 704 666
2 781 639
2 858 612
2 935 585
2 1012 558
