0 1911 1016
0 1871 989
0 1829 962
0 1787 935
0 1745 908
0 1703 881
0 1661 854
0 1619 828
0 1576 801
0 1534 774
0 1492 747
0 1450 720
0 1407 693
0 1365 666
0 1322 639
0 1280 612
0 1238 585
0 1195 558
1 494 1016
1 527 989
1 560 962
1 593 935
1 626 908
1 659 881
1 693 854
1 726 828
1 759 801
1 793 774
1 826 747
1 860 720
1 893 693
1 926 666
1 960 639
1 993 612
1 1026 585
1 1060 558
2 65 908
2 136 881
2 207 854
2 277 828
2 349 801
2 420 774
2 491 747
2 562 720
2 633 693
2 705 666
2 776 639
2 847 612
2 918 585
2 989 558
