0 1895 1016
0 1855 989
0 1815 962
0 1774 935
0 1733 908
0 1692 881
0 1651 854
0 1610 828
0 1569 801
0 1528 774
0 1487 747
0 1446 720
0 1404 693
0 1363 666
0 1322 639
0 1280 612
0 1239 585
0 1197 558
1 512 1016
1 544 989
1 577 962
1 609 935
1 642 908
1 674 881
1 707 854
1 740 828
1 772 801
1 805 774
1 838 747
1 871 720
1 903 693
1 936 666
1 969 639
1 1001 612
1 1034 585
1 1067 558
2 56 908
2 128 881
2 200 854
2 272 828
2 344 801
2 416 774
2 489 747
2 561 720
2 633 693
2 705 666
2 777 639
2 850 612
2 922 585
2 994 558
