0 1894 1016
0 1854 989
0 1814 962
0 1773 935
0 1732 908
0 1691 881
0 1650 854
0 1609 828
0 1568 801
0 1527 774
0 1486 747
0 1445 720
0 1404 693
0 1363 666
0 1322 639
0 1281 612
0 1240 585
0 1199 558
1 488 1016
1 521 989
1 554 962
1 587 935
1 620 908
1 654 881
1 687 854
1 720 828
1 754 801
1 787 774
1 820 747
1 854 720
1 887 693
1 921 666
1 954 639
1 987 612
1 1020 585
1 1053 558
2 42 908
2 114 881
2 185 854
2 257 828
2 329 801
2 401 774
2 472 747
2 544 720
2 616 693
2 688 666
2 760 639
2 831 612
2 903 585
2 975 558
