0 1948 1016
0 1905 989
0 1862 962
0 1818 935
0 1774 908
0 1730 881
0 1686 854
0 1641 828
0 1597 801
0 1553 774
0 1508 747
0 1463 720
0 1419 693
0 1374 666
0 1329 639
0 1284 612
0 1239 585
0 1193 558
1 501 1016
1 533 989
1 565 962
1 598 935
1 631 908
1 663 881
1 696 854
1 729 828
1 762 801
1 794 774
1 827 747
1 860 720
1 892 693
1 925 666
1 958 639
1 990 612
1 1023 585
1 1055 558
2 69 908
2 139 881
2 208 854
2 278 828
2 347 801
2 417 774
2 487 747
2 556 720
2 626 693
2 696 666
2 765 639
2 835 612
2 904 585
2 973 558
