0 1851 1016
0 1813 989
0 1774 962
0 1735 935
0 1695 908
0 1656 881
0 1616 854
0 1577 828
0 1537 801
0 1498 774
0 1458 747
0 1418 720
0 1379 693
0 1339 666
0 1299 639
0 1260 612
0 1220 585
0 1181 558
1 436 1016
1 472 989
1 508 962
1 544 935
1 580 908
1 616 881
1 652 854
1 689 828
1 725 801
1 761 774
1 798 747
1 834 720
1 870 693
1 907 666
1 943 639
1 979 612
1 1016 585
1 1052 558
2 31 774
2 142 747
2 253 720
2 365 693
2 478 666
2 590 639
2 703 612
2 816 585
2 929 558
3 1 908
3 77 881
3 153 854
3 229 828
3 304 801
3 380 774
3 456 747
3 532 720
3 608 693
3 683 666
3 759 639
3 835 612
3 910 585
3 986 558
