0 1843 1016
0 1806 989
0 1767 962
0 1728 935
0 1689 908
0 1650 881
0 1610 854
0 1571 828
0 1532 801
0 1492 774
0 1452 747
0 1413 720
0 1373 693
0 1333 666
0 1293 639
0 1253 612
0 1214 585
0 1173 558
1 50 774
1 161 747
1 272 720
1 383 693
1 494 666
1 606 639
1 717 612
1 829 585
1 941 558
2 436 1016
2 470 989
2 506 962
2 542 935
2 578 908
2 615 881
2 651 854
2 688 828
2 724 801
2 761 774
2 797 747
2 834 720
2 870 693
2 907 666
2 943 639
2 980 612
2 1016 585
2 1052 558
3 1149 1016
3 1147 989
3 1145 962
3 1143 935
3 1141 908
3 1139 881
3 1137 854
3 1135 828
3 1132 801
3 1130 774
3 1128 747
3 1126 720
3 1124 693
3 1122 666
3 1119 639
3 1117 612
3 1115 585
3 1112 558
