0 534 1016
0 566 989
0 597 962
0 629 935
0 661 908
0 692 881
0 724 854
0 755 828
0 787 801
0 818 774
0 850 747
0 882 720
0 913 693
0 945 666
0 976 639
0 1008 612
0 1039 585
0 1070 558
1 1956 1016
1 1913 989
1 1869 962
1 1824 935
1 1780 908
1 1735 881
1 1690 854
1 1646 828
1 1601 801
1 1556 774
1 1511 747
1 1465 720
1 1420 693
1 1374 666
1 1328 639
1 1282 612
1 1236 585
1 1190 558
2 43 935
2 113 908
2 182 881
2 252 854
2 322 828
2 392 801
2 462 774
2 532 747
2 602 720
2 671 693
2 741 666
2 811 639
2 881 612
2 950 585
2 1020 558
