0 483 1016
0 517 989
0 550 962
0 584 935
0 618 908
0 652 881
0 686 854
0 720 828
0 754 801
0 788 774
0 822 747
0 856 720
0 890 693
0 924 666
0 958 639
0 992 612
0 1026 585
0 1060 558
1 1921 1016
1 1879 989
1 1836 962
1 1794 935
1 1751 908
1 1708 881
1 1665 854
1 1622 828
1 1578 801
1 1535 774
1 1492 747
1 1448 720
1 1405 693
1 1361 666
1 1318 639
1 1274 612
1 1231 585
1 1187 558
2 37 908
2 111 881
2 185 854
2 259 828
2 333 801
2 406 774
2 480 747
2 554 720
2 628 693
2 702 666
2 776 639
2 850 612
2 924 585
2 998 558
