0 402 1016
0 439 989
0 476 962
0 513 935
0 550 908
0 587 881
0 625 854
0 662 828
0 700 801
0 738 774
0 775 747
0 813 720
0 851 693
0 889 666
0 927 639
0 966 612
0 1004 585
0 1043 558
1 1757 1016
1 1724 989
1 1690 962
1 1656 935
1 1622 908
1 1588 881
1 1554 854
1 1520 828
1 1486 801
1 1452 774
1 1418 747
1 1384 720
1 1350 693
1 1316 666
1 1282 639
1 1249 612
1 1216 585
1 1182 558
2 1 908
2 77 881
2 153 854
2 230 828
2 306 801
2 382 774
2 458 747
2 535 720
2 611 693
2 687 666
2 764 639
2 840 612
2 916 585
2 993 558
