0 1825 1016
0 1788 989
0 1751 962
0 1713 935
0 1676 908
0 1638 881
0 1600 854
0 1562 828
0 1524 801
0 1486 774
0 1448 747
0 1410 720
0 1372 693
0 1333 666
0 1295 639
0 1257 612
0 1219 585
0 1181 558
1 380 1016
1 419 989
1 459 962
1 499 935
1 538 908
1 578 881
1 618 854
1 657 828
1 697 801
1 737 774
1 777 747
1 817 720
1 856 693
1 896 666
1 936 639
1 976 612
1 1015 585
1 1055 558
2 3 881
2 85 854
2 166 828
2 248 801
2 330 774
2 412 747
2 493 720
2 575 693
2 657 666
2 739 639
2 821 612
2 902 585
2 984 558
