0 1788 1016
0 1754 989
0 1718 962
0 1683 935
0 1647 908
0 1611 881
0 1575 854
0 1539 828
0 1503 801
0 1467 774
0 1431 747
0 1395 720
0 1359 693
0 1323 666
0 1287 639
0 1251 612
0 1215 585
0 1179 558
1 395 1016
1 432 989
1 470 962
1 508 935
1 546 908
1 584 881
1 623 854
1 661 828
1 700 801
1 738 774
1 777 747
1 815 720
1 854 693
1 893 666
1 931 639
1 970 612
1 1008 585
1 1047 558
2 109 747
2 225 720
2 341 693
2 458 666
2 575 639
2 692 612
2 809 585
2 926 558
3 50 881
3 129 854
3 207 828
3 286 801
3 365 774
3 443 747
3 522 720
3 601 693
3 679 666
3 758 639
3 837 612
3 915 585
3 994 558
