0 388 1016
0 426 989
0 465 962
0 504 935
0 543 908
0 582 881
0 621 854
0 660 828
0 699 801
0 738 774
0 778 747
0 817 720
0 856 693
0 895 666
0 934 639
0 973 612
0 1012 585
0 1051 558
1 1814 1016
1 1778 989
1 1740 962
1 1703 935
1 1665 908
1 1627 881
1 1589 854
1 1552 828
1 1514 801
1 1476 774
1 1438 747
1 1400 720
1 1362 693
1 1324 666
1 1286 639
1 1248 612
1 1210 585
1 1172 558
2 72 854
2 155 828
2 237 801
2 320 774
2 402 747
2 485 720
2 567 693
2 650 666
2 732 639
2 815 612
2 897 585
2 980 558
