0 475 1016
0 508 989
0 541 962
0 575 935
0 608 908
0 642 881
0 676 854
0 709 828
0 743 801
0 777 774
0 811 747
0 845 720
0 879 693
0 913 666
0 947 639
0 981 612
0 1015 585
0 1049 558
1 1832 1016
1 1795 989
1 1757 962
1 1719 935
1 1681 908
1 1643 881
1 1604 854
1 1566 828
1 1527 801
1 1489 774
1 1450 747
1 1412 720
1 1373 693
1 1334 666
1 1295 639
1 1256 612
1 1217 585
1 1178 558
2 30 908
2 104 881
2 177 854
2 251 828
2 324 801
2 398 774
2 471 747
2 545 720
2 618 693
2 692 666
2 765 639
2 839 612
2 912 585
2 986 558
