0 1932 1016
0 1889 989
0 1846 962
0 1802 935
0 1758 908
0 1714 881
0 1670 854
0 1626 828
0 1582 801
0 1537 774
0 1493 747
0 1448 720
0 1403 693
0 1358 666
0 1312 639
0 1267 612
0 1221 585
0 1174 558
1 518 1016
1 548 989
1 579 962
1 610 935
1 641 908
1 671 881
1 702 854
1 733 828
1 764 801
1 795 774
1 825 747
1 856 720
1 887 693
1 918 666
1 948 639
1 979 612
1 1010 585
1 1040 558
2 46 908
2 117 881
2 187 854
2 257 828
2 327 801
2 398 774
2 468 747
2 538 720
2 609 693
2 679 666
2 749 639
2 819 612
2 890 585
2 960 558
