0 1769 1016
0 1735 989
0 1701 962
0 1667 935
0 1633 908
0 1598 881
0 1564 854
0 1529 828
0 1494 801
0 1460 774
0 1425 747
0 1390 720
0 1355 693
0 1321 666
0 1286 639
0 1251 612
0 1216 585
0 1181 558
1 43 774
1 156 747
1 270 720
1 385 693
1 499 666
1 614 639
1 729 612
1 845 585
1 960 558
2 363 1016
2 402 989
2 443 962
2 483 935
2 524 908
2 566 881
2 607 854
2 648 828
2 689 801
2 731 774
2 772 747
2 814 720
2 855 693
2 896 666
2 938 639
2 979 612
2 1020 585
2 1060 558
3 1261 1016
3 1254 989
3 1247 962
3 1240 935
3 1233 908
3 1225 881
3 1218 854
3 1210 828
3 1203 801
3 1195 774
3 1188 747
3 1180 720
3 1173 693
3 1165 666
3 1158 639
3 1150 612
3 1143 585
3 1135 558
