0 1896 1016
0 1855 989
0 1814 962
0 1773 935
0 1732 908
0 1691 881
0 1649 854
0 1608 828
0 1566 801
0 1525 774
0 1483 747
0 1441 720
0 1399 693
0 1357 666
0 1315 639
0 1273 612
0 1230 585
0 1188 558
1 523 1016
1 554 989
1 586 962
1 617 935
1 649 908
1 680 881
1 712 854
1 743 828
1 775 801
1 807 774
1 838 747
1 870 720
1 901 693
1 933 666
1 965 639
1 996 612
1 1028 585
1 1059 558
2 63 908
2 134 881
2 204 854
2 275 828
2 346 801
2 416 774
2 487 747
2 558 720
2 628 693
2 699 666
2 770 639
2 841 612
2 911 585
2 982 558
3 90 774
3 195 747
3 299 720
3 404 693
3 510 666
3 615 639
3 721 612
3 827 585
3 933 558
