0 376 1016
0 416 989
0 455 962
0 495 935
0 534 908
0 574 881
0 614 854
0 654 828
0 694 801
0 734 774
0 774 747
0 814 720
0 853 693
0 893 666
0 933 639
0 973 612
0 1013 585
0 1053 558
1 1785 1016
1 1750 989
1 1714 962
1 1679 935
1 1643 908
1 1607 881
1 1570 854
1 1534 828
1 1498 801
1 1462 774
1 1425 747
1 1389 720
1 1353 693
1 1316 666
1 1280 639
1 1243 612
1 1207 585
1 1170 558
2 1020 1016
2 1026 989
2 1031 962
2 1035 935
2 1040 908
2 1044 881
2 1049 854
2 1054 828
2 1058 801
2 1062 774
2 1067 747
2 1071 720
2 1076 693
2 1080 666
2 1085 639
2 1089 612
2 1093 585
2 1098 558
