0 461 1016
0 495 989
0 529 962
0 563 935
0 598 908
0 633 881
0 668 854
0 703 828
0 738 801
0 773 774
0 808 747
0 843 720
0 878 693
0 913 666
0 948 639
0 983 612
0 1018 585
0 1052 558
1 1862 1016
1 1823 989
1 1783 962
1 1743 935
1 1703 908
1 1663 881
1 1622 854
1 1582 828
1 1542 801
1 1501 774
1 1461 747
1 1421 720
1 1380 693
1 1340 666
1 1300 639
1 1259 612
1 1219 585
1 1179 558
2 11 908
2 85 881
2 160 854
2 234 828
2 309 801
2 383 774
2 458 747
2 533 720
2 607 693
2 682 666
2 756 639
2 831 612
2 906 585
2 980 558
