0 453 1016
0 488 989
0 523 962
0 558 935
0 593 908
0 628 881
0 664 854
0 699 828
0 735 801
0 770 774
0 806 747
0 841 720
0 877 693
0 912 666
0 948 639
0 984 612
0 1019 585
0 1055 558
1 1788 1016
1 1754 989
1 1719 962
1 1684 935
1 1648 908
1 1613 881
1 1577 854
1 1542 828
1 1506 801
1 1470 774
1 1434 747
1 1398 720
1 1362 693
1 1326 666
1 1290 639
1 1254 612
1 1217 585
1 1181 558
2 1073 1016
2 1075 989
2 1077 962
2 1079 935
2 1081 908
2 1083 881
2 1086 854
2 1088 828
2 1090 801
2 1093 774
2 1095 747
2 1097 720
2 1100 693
2 1102 666
2 1104 639
2 1107 612
2 1109 585
2 1111 558
