0 546 1016
0 575 989
0 605 962
0 635 935
0 665 908
0 696 881
0 726 854
0 756 828
0 786 801
0 817 774
0 847 747
0 877 720
0 908 693
0 938 666
0 968 639
0 999 612
0 1029 585
0 1059 558
1 1950 1016
1 1907 989
1 1863 962
1 1818 935
1 1773 908
1 1729 881
1 1683 854
1 1638 828
1 1593 801
1 1548 774
1 1503 747
1 1457 720
1 1412 693
1 1367 666
1 1322 639
1 1276 612
1 1231 585
1 1186 558
2 26 935
2 94 908
2 163 881
2 232 854
2 300 828
2 369 801
2 438 774
2 507 747
2 576 720
2 645 693
2 714 666
2 783 639
2 851 612
2 920 585
2 989 558
3 14 801
3 116 774
3 218 747
3 320 720
3 423 693
3 526 666
3 629 639
3 733 612
3 836 585
3 939 558
