0 438 1016
0 475 989
0 511 962
0 548 935
0 585 908
0 621 881
0 658 854
0 694 828
0 731 801
0 768 774
0 805 747
0 841 720
0 878 693
0 914 666
0 951 639
0 988 612
0 1024 585
0 1061 558
1 1842 1016
1 1804 989
1 1766 962
1 1727 935
1 1689 908
1 1650 881
1 1611 854
1 1572 828
1 1533 801
1 1494 774
1 1455 747
1 1416 720
1 1377 693
1 1338 666
1 1299 639
1 1260 612
1 1221 585
1 1182 558
2 82 774
2 190 747
2 298 720
2 407 693
2 516 666
2 624 639
2 734 612
2 843 585
2 952 558
3 2164 774
3 2055 747
3 1947 720
3 1838 693
3 1729 666
3 1621 639
3 1512 612
3 1403 585
3 1294 558
