0 1830 1016
0 1793 989
0 1755 962
0 1717 935
0 1678 908
0 1640 881
0 1602 854
0 1563 828
0 1525 801
0 1487 774
0 1448 747
0 1410 720
0 1372 693
0 1333 666
0 1295 639
0 1256 612
0 1218 585
0 1180 558
1 425 1016
1 461 989
1 497 962
1 533 935
1 570 908
1 607 881
1 644 854
1 680 828
1 717 801
1 754 774
1 791 747
1 828 720
1 865 693
1 902 666
1 939 639
1 975 612
1 1012 585
1 1049 558
2 51 908
2 122 881
2 192 854
2 263 828
2 334 801
2 405 774
2 476 747
2 547 720
2 617 693
2 688 666
2 759 639
2 830 612
2 901 585
2 971 558
