0 1875 1016
0 1836 989
0 1795 962
0 1755 935
0 1714 908
0 1673 881
0 1633 854
0 1592 828
0 1551 801
0 1509 774
0 1468 747
0 1427 720
0 1385 693
0 1343 666
0 1302 639
0 1260 612
0 1218 585
0 1176 558
1 498 1016
1 530 989
1 562 962
1 595 935
1 628 908
1 660 881
1 693 854
1 726 828
1 758 801
1 791 774
1 824 747
1 857 720
1 890 693
1 922 666
1 955 639
1 988 612
1 1021 585
1 1053 558
2 89 774
2 195 747
2 301 720
2 407 693
2 514 666
2 621 639
2 728 612
2 836 585
2 943 558
3 2 935
3 72 908
3 143 881
3 213 854
3 284 828
3 354 801
3 425 774
3 496 747
3 566 720
3 637 693
3 708 666
3 778 639
3 849 612
3 919 585
3 990 558
