0 1906 1016
0 1866 989
0 1824 962
0 1782 935
0 1740 908
0 1698 881
0 1656 854
0 1613 828
0 1571 801
0 1529 774
0 1486 747
0 1444 720
0 1401 693
0 1359 666
0 1316 639
0 1274 612
0 1231 585
0 1188 558
1 486 1016
1 520 989
1 553 962
1 587 935
1 621 908
1 655 881
1 689 854
1 723 828
1 757 801
1 792 774
1 826 747
1 860 720
1 894 693
1 928 666
1 962 639
1 996 612
1 1030 585
1 1064 558
2 50 908
2 124 881
2 197 854
2 271 828
2 345 801
2 418 774
2 492 747
2 565 720
2 639 693
2 713 666
2 786 639
2 860 612
2 933 585
2 1006 558
