0 1795 1016
0 1760 989
0 1723 962
0 1687 935
0 1650 908
0 1614 881
0 1578 854
0 1541 828
0 1505 801
0 1468 774
0 1432 747
0 1396 720
0 1360 693
0 1325 666
0 1289 639
0 1254 612
0 1219 585
0 1185 558
1 397 1016
1 434 989
1 471 962
1 509 935
1 546 908
1 584 881
1 622 854
1 660 828
1 698 801
1 736 774
1 775 747
1 813 720
1 852 693
1 892 666
1 931 639
1 971 612
1 1012 585
1 1053 558
2 16 908
2 91 881
2 166 854
2 240 828
2 315 801
2 390 774
2 465 747
2 540 720
2 615 693
2 690 666
2 765 639
2 840 612
2 914 585
2 989 558
