0 293 1016
0 337 989
0 381 962
0 425 935
0 469 908
0 513 881
0 557 854
0 602 828
0 646 801
0 690 774
0 735 747
0 779 720
0 824 693
0 868 666
0 912 639
0 957 612
0 1001 585
0 1045 558
1 1725 1016
1 1693 989
1 1661 962
1 1628 935
1 1596 908
1 1563 881
1 1530 854
1 1498 828
1 1465 801
1 1433 774
1 1401 747
1 1369 720
1 1337 693
1 1306 666
1 1275 639
1 1245 612
1 1214 585
1 1185 558
2 2116 774
2 2018 747
2 1920 720
2 1822 693
2 1724 666
2 1626 639
2 1528 612
2 1430 585
2 1331 558
3 46 854
3 130 828
3 213 801
3 297 774
3 381 747
3 465 720
3 548 693
3 632 666
3 716 639
3 799 612
3 883 585
3 967 558
