0 1821 1016
0 1785 989
0 1748 962
0 1711 935
0 1673 908
0 1636 881
0 1598 854
0 1561 828
0 1523 801
0 1485 774
0 1447 747
0 1409 720
0 1371 693
0 1332 666
0 1293 639
0 1255 612
0 1216 585
0 1176 558
1 427 1016
1 463 989
1 499 962
1 535 935
1 571 908
1 607 881
1 643 854
1 679 828
1 715 801
1 752 774
1 788 747
1 824 720
1 861 693
1 897 666
1 933 639
1 970 612
1 1006 585
1 1042 558
2 18 908
2 91 881
2 164 854
2 237 828
2 310 801
2 383 774
2 457 747
2 530 720
2 603 693
2 677 666
2 750 639
2 824 612
2 897 585
2 970 558
