0 1915 1016
0 1874 989
0 1831 962
0 1789 935
0 1746 908
0 1703 881
0 1660 854
0 1617 828
0 1574 801
0 1531 774
0 1488 747
0 1445 720
0 1402 693
0 1358 666
0 1315 639
0 1272 612
0 1229 585
0 1186 558
1 486 1016
1 520 989
1 554 962
1 588 935
1 622 908
1 656 881
1 691 854
1 725 828
1 759 801
1 793 774
1 827 747
1 861 720
1 895 693
1 929 666
1 964 639
1 998 612
1 1032 585
1 1066 558
2 24 908
2 99 881
2 174 854
2 249 828
2 324 801
2 399 774
2 475 747
2 550 720
2 625 693
2 700 666
2 775 639
2 850 612
2 925 585
2 1000 558
