0 1861 1016
0 1823 989
0 1784 962
0 1744 935
0 1705 908
0 1666 881
0 1626 854
0 1587 828
0 1547 801
0 1508 774
0 1469 747
0 1430 720
0 1391 693
0 1352 666
0 1313 639
0 1274 612
0 1235 585
0 1197 558
1 524 1016
1 556 989
1 587 962
1 618 935
1 649 908
1 681 881
1 712 854
1 743 828
1 775 801
1 806 774
1 837 747
1 868 720
1 900 693
1 931 666
1 962 639
1 993 612
1 1025 585
1 1056 558
2 7 935
2 76 908
2 145 881
2 214 854
2 283 828
2 352 801
2 422 774
2 491 747
2 560 720
2 629 693
2 698 666
2 768 639
2 837 612
2 906 585
2 975 558
