0 1813 1016
0 1778 989
0 1741 962
0 1704 935
0 1667 908
0 1630 881
0 1593 854
0 1555 828
0 1518 801
0 1481 774
0 1444 747
0 1407 720
0 1370 693
0 1332 666
0 1295 639
0 1259 612
0 1222 585
0 1185 558
1 417 1016
1 453 989
1 489 962
1 526 935
1 562 908
1 599 881
1 636 854
1 672 828
1 710 801
1 747 774
1 784 747
1 822 720
1 860 693
1 898 666
1 937 639
1 976 612
1 1015 585
1 1055 558
2 73 881
2 151 854
2 229 828
2 307 801
2 385 774
2 464 747
2 542 720
2 620 693
2 698 666
2 776 639
2 854 612
2 932 585
2 1010 558
