0 1899 1016
0 1858 989
0 1817 962
0 1776 935
0 1734 908
0 1692 881
0 1650 854
0 1609 828
0 1567 801
0 1525 774
0 1483 747
0 1441 720
0 1399 693
0 1357 666
0 1315 639
0 1273 612
0 1231 585
0 1190 558
1 482 1016
1 516 989
1 550 962
1 584 935
1 618 908
1 652 881
1 687 854
1 721 828
1 755 801
1 789 774
1 824 747
1 858 720
1 892 693
1 926 666
1 961 639
1 995 612
1 1029 585
1 1063 558
2 17 908
2 93 881
2 169 854
2 245 828
2 320 801
2 396 774
2 472 747
2 548 720
2 624 693
2 700 666
2 776 639
2 852 612
2 927 585
2 1003 558
3 94 774
3 200 747
3 306 720
3 413 693
3 520 666
3 627 639
3 734 612
3 842 585
3 949 558
