0 632 1016
0 656 989
0 681 962
0 707 935
0 732 908
0 758 881
0 784 854
0 809 828
0 835 801
0 861 774
0 887 747
0 913 720
0 939 693
0 965 666
0 991 639
0 1016 612
0 1042 585
0 1068 558
1 2017 1016
1 1970 989
1 1922 962
1 1874 935
1 1826 908
1 1778 881
1 1730 854
1 1681 828
1 1633 801
1 1585 774
1 1537 747
1 1488 720
1 1440 693
1 1392 666
1 1344 639
1 1295 612
1 1247 585
1 1199 558
2 54 935
2 121 908
2 188 881
2 255 854
2 322 828
2 389 801
2 456 774
2 523 747
2 590 720
2 657 693
2 725 666
2 792 639
2 859 612
2 925 585
2 992 558
