0 590 1016
0 617 989
0 645 962
0 673 935
0 700 908
0 728 881
0 756 854
0 784 828
0 812 801
0 841 774
0 869 747
0 897 720
0 925 693
0 953 666
0 981 639
0 1009 612
0 1037 585
0 1065 558
1 1993 1016
1 1947 989
1 1901 962
1 1854 935
1 1807 908
1 1761 881
1 1714 854
1 1667 828
1 1620 801
1 1573 774
1 1526 747
1 1479 720
1 1432 693
1 1385 666
1 1338 639
1 1291 612
1 1244 585
1 1197 558
2 18 962
2 83 935
2 148 908
2 214 881
2 280 854
2 346 828
2 413 801
2 479 774
2 545 747
2 611 720
2 678 693
2 744 666
2 810 639
2 876 612
2 942 585
2 1008 558
