0 1886 1016
0 1847 989
0 1807 962
0 1766 935
0 1726 908
0 1685 881
0 1644 854
0 1603 828
0 1562 801
0 1521 774
0 1480 747
0 1439 720
0 1398 693
0 1357 666
0 1316 639
0 1275 612
0 1234 585
0 1194 558
1 481 1016
1 515 989
1 549 962
1 583 935
1 617 908
1 651 881
1 685 854
1 720 828
1 754 801
1 788 774
1 823 747
1 857 720
1 891 693
1 926 666
1 960 639
1 995 612
1 1029 585
1 1063 558
2 17 935
2 86 908
2 155 881
2 224 854
2 294 828
2 364 801
2 433 774
2 503 747
2 573 720
2 643 693
2 713 666
2 783 639
2 853 612
2 923 585
2 993 558
3 78 774
3 186 747
3 294 720
3 403 693
3 512 666
3 621 639
3 731 612
3 841 585
3 950 558
