0 409 1016
0 446 989
0 484 962
0 522 935
0 560 908
0 598 881
0 636 854
0 674 828
0 712 801
0 750 774
0 788 747
0 827 720
0 865 693
0 903 666
0 941 639
0 979 612
0 1017 585
0 1056 558
1 1815 1016
1 1779 989
1 1742 962
1 1706 935
1 1669 908
1 1632 881
1 1594 854
1 1557 828
1 1520 801
1 1483 774
1 1446 747
1 1408 720
1 1371 693
1 1333 666
1 1296 639
1 1258 612
1 1221 585
1 1183 558
2 48 881
2 125 854
2 202 828
2 279 801
2 357 774
2 434 747
2 511 720
2 589 693
2 666 666
2 743 639
2 820 612
2 898 585
2 975 558
