0 507 1016
0 540 989
0 572 962
0 605 935
0 637 908
0 670 881
0 703 854
0 735 828
0 768 801
0 801 774
0 833 747
0 866 720
0 899 693
0 931 666
0 964 639
0 997 612
0 1029 585
0 1062 558
1 1888 1016
1 1848 989
1 1807 962
1 1767 935
1 1726 908
1 1685 881
1 1644 854
1 1604 828
1 1563 801
1 1522 774
1 1481 747
1 1440 720
1 1399 693
1 1358 666
1 1317 639
1 1276 612
1 1236 585
1 1195 558
2 86 774
2 192 747
2 297 720
2 403 693
2 509 666
2 616 639
2 722 612
2 829 585
2 936 558
3 27 935
3 96 908
3 164 881
3 233 854
3 302 828
3 371 801
3 440 774
3 509 747
3 579 720
3 648 693
3 717 666
3 786 639
3 855 612
3 923 585
3 992 558
