0 1819 1016
0 1782 989
0 1745 962
0 1708 935
0 1670 908
0 1633 881
0 1595 854
0 1557 828
0 1519 801
0 1481 774
0 1443 747
0 1405 720
0 1367 693
0 1329 666
0 1291 639
0 1253 612
0 1215 585
0 1176 558
1 423 1016
1 459 989
1 496 962
1 533 935
1 570 908
1 608 881
1 645 854
1 682 828
1 720 801
1 757 774
1 795 747
1 832 720
1 870 693
1 907 666
1 945 639
1 982 612
1 1020 585
1 1057 558
2 68 774
2 177 747
2 287 720
2 396 693
2 507 666
2 618 639
2 729 612
2 840 585
2 951 558
3 71 908
3 143 881
3 215 854
3 287 828
3 359 801
3 431 774
3 504 747
3 576 720
3 648 693
3 720 666
3 792 639
3 864 612
3 936 585
3 1008 558
