0 1866 1016
0 1827 989
0 1788 962
0 1749 935
0 1709 908
0 1670 881
0 1631 854
0 1591 828
0 1552 801
0 1512 774
0 1473 747
0 1434 720
0 1394 693
0 1355 666
0 1315 639
0 1276 612
0 1237 585
0 1198 558
1 444 1016
1 479 989
1 515 962
1 551 935
1 587 908
1 624 881
1 660 854
1 696 828
1 733 801
1 769 774
1 806 747
1 842 720
1 878 693
1 915 666
1 951 639
1 987 612
1 1023 585
1 1059 558
2 60 908
2 130 881
2 201 854
2 272 828
2 343 801
2 414 774
2 485 747
2 556 720
2 626 693
2 697 666
2 768 639
2 839 612
2 910 585
2 980 558
3 53 774
3 163 747
3 274 720
3 385 693
3 497 666
3 608 639
3 720 612
3 831 585
3 943 558
