0 436 1016
0 471 989
0 506 962
0 542 935
0 577 908
0 613 881
0 648 854
0 683 828
0 719 801
0 754 774
0 789 747
0 825 720
0 860 693
0 896 666
0 931 639
0 966 612
0 1001 585
0 1036 558
1 1819 1016
1 1783 989
1 1747 962
1 1710 935
1 1673 908
1 1636 881
1 1599 854
1 1562 828
1 1525 801
1 1487 774
1 1449 747
1 1411 720
1 1372 693
1 1333 666
1 1294 639
1 1254 612
1 1214 585
1 1173 558
2 7 908
2 80 881
2 153 854
2 226 828
2 299 801
2 372 774
2 445 747
2 518 720
2 591 693
2 664 666
2 737 639
2 810 612
2 883 585
2 956 558
