0 505 1016
0 537 989
0 570 962
0 602 935
0 635 908
0 667 881
0 700 854
0 732 828
0 765 801
0 798 774
0 831 747
0 863 720
0 896 693
0 929 666
0 961 639
0 994 612
0 1026 585
0 1059 558
1 1926 1016
1 1884 989
1 1841 962
1 1798 935
1 1755 908
1 1711 881
1 1668 854
1 1625 828
1 1581 801
1 1538 774
1 1494 747
1 1451 720
1 1407 693
1 1363 666
1 1319 639
1 1276 612
1 1232 585
1 1188 558
2 56 908
2 128 881
2 200 854
2 272 828
2 344 801
2 416 774
2 488 747
2 560 720
2 632 693
2 704 666
2 776 639
2 848 612
2 920 585
2 992 558
