0 1821 1016
0 1785 989
0 1748 962
0 1712 935
0 1675 908
0 1638 881
0 1601 854
0 1564 828
0 1527 801
0 1489 774
0 1451 747
0 1413 720
0 1375 693
0 1337 666
0 1298 639
0 1259 612
0 1219 585
0 1179 558
1 377 1016
1 416 989
1 456 962
1 497 935
1 537 908
1 577 881
1 617 854
1 657 828
1 697 801
1 737 774
1 776 747
1 816 720
1 855 693
1 893 666
1 932 639
1 970 612
1 1008 585
1 1045 558
2 63 774
2 168 747
2 274 720
2 380 693
2 487 666
2 594 639
2 701 612
2 809 585
2 916 558
3 18 908
3 91 881
3 164 854
3 237 828
3 310 801
3 383 774
3 456 747
3 529 720
3 601 693
3 674 666
3 747 639
3 820 612
3 893 585
3 965 558
