0 1833 1016
0 1796 989
0 1759 962
0 1721 935
0 1684 908
0 1646 881
0 1608 854
0 1570 828
0 1533 801
0 1495 774
0 1457 747
0 1419 720
0 1381 693
0 1343 666
0 1306 639
0 1268 612
0 1230 585
0 1192 558
1 422 1016
1 459 989
1 496 962
1 533 935
1 570 908
1 607 881
1 644 854
1 682 828
1 719 801
1 756 774
1 793 747
1 831 720
1 868 693
1 905 666
1 943 639
1 980 612
1 1017 585
1 1054 558
2 16 908
2 90 881
2 163 854
2 237 828
2 311 801
2 385 774
2 459 747
2 533 720
2 607 693
2 680 666
2 754 639
2 828 612
2 902 585
2 975 558
