0 1817 1016
0 1782 989
0 1746 962
0 1709 935
0 1672 908
0 1635 881
0 1599 854
0 1562 828
0 1525 801
0 1488 774
0 1451 747
0 1414 720
0 1376 693
0 1339 666
0 1302 639
0 1265 612
0 1228 585
0 1190 558
1 370 1016
1 409 989
1 450 962
1 491 935
1 532 908
1 573 881
1 614 854
1 656 828
1 697 801
1 738 774
1 779 747
1 820 720
1 861 693
1 902 666
1 943 639
1 984 612
1 1025 585
1 1066 558
2 64 881
2 143 854
2 222 828
2 301 801
2 379 774
2 458 747
2 537 720
2 616 693
2 695 666
2 773 639
2 852 612
2 931 585
2 1009 558
