0 1916 1016
0 1875 989
0 1833 962
0 1792 935
0 1750 908
0 1708 881
0 1666 854
0 1624 828
0 1582 801
0 1540 774
0 1498 747
0 1456 720
0 1413 693
0 1371 666
0 1329 639
0 1287 612
0 1245 585
0 1203 558
1 523 1016
1 554 989
1 586 962
1 618 935
1 650 908
1 682 881
1 715 854
1 747 828
1 780 801
1 812 774
1 845 747
1 878 720
1 910 693
1 943 666
1 976 639
1 1008 612
1 1041 585
1 1074 558
2 70 908
2 142 881
2 214 854
2 286 828
2 358 801
2 430 774
2 502 747
2 574 720
2 646 693
2 718 666
2 790 639
2 862 612
2 934 585
2 1006 558
