0 1958 1016
0 1914 989
0 1869 962
0 1824 935
0 1778 908
0 1733 881
0 1688 854
0 1643 828
0 1597 801
0 1552 774
0 1507 747
0 1462 720
0 1416 693
0 1371 666
0 1326 639
0 1280 612
0 1235 585
0 1190 558
1 550 1016
1 579 989
1 608 962
1 638 935
1 668 908
1 698 881
1 727 854
1 757 828
1 787 801
1 817 774
1 847 747
1 877 720
1 907 693
1 937 666
1 967 639
1 997 612
1 1027 585
1 1056 558
2 59 935
2 125 908
2 192 881
2 258 854
2 325 828
2 391 801
2 458 774
2 525 747
2 591 720
2 658 693
2 725 666
2 791 639
2 858 612
2 924 585
2 990 558
3 11 801
3 113 774
3 216 747
3 319 720
3 422 693
3 525 666
3 628 639
3 732 612
3 836 585
3 940 558
