0 1897 1016
0 1857 989
0 1816 962
0 1775 935
0 1733 908
0 1692 881
0 1650 854
0 1609 828
0 1567 801
0 1526 774
0 1484 747
0 1443 720
0 1401 693
0 1360 666
0 1318 639
0 1276 612
0 1235 585
0 1193 558
1 476 1016
1 508 989
1 542 962
1 575 935
1 609 908
1 643 881
1 677 854
1 710 828
1 744 801
1 778 774
1 812 747
1 846 720
1 880 693
1 914 666
1 948 639
1 982 612
1 1016 585
1 1050 558
2 0 908
2 75 881
2 150 854
2 224 828
2 299 801
2 374 774
2 448 747
2 523 720
2 598 693
2 673 666
2 747 639
2 822 612
2 897 585
2 972 558
3 1154 1016
3 1152 989
3 1150 962
3 1148 935
3 1146 908
3 1144 881
3 1142 854
3 1140 828
3 1138 801
3 1137 774
3 1135 747
3 1133 720
3 1131 693
3 1129 666
3 1127 639
3 1125 612
3 1123 585
3 1121 558
