0 578 1016
0 606 989
0 635 962
0 663 935
0 692 908
0 721 881
0 750 854
0 779 828
0 808 801
0 836 774
0 865 747
0 894 720
0 923 693
0 952 666
0 981 639
0 1010 612
0 1039 585
0 1068 558
1 1997 1016
1 1951 989
1 1905 962
1 1858 935
1 1811 908
1 1764 881
1 1717 854
1 1670 828
1 1623 801
1 1576 774
1 1529 747
1 1482 720
1 1435 693
1 1388 666
1 1341 639
1 1294 612
1 1247 585
1 1200 558
2 8 962
2 74 935
2 140 908
2 206 881
2 272 854
2 339 828
2 405 801
2 472 774
2 538 747
2 605 720
2 671 693
2 737 666
2 804 639
2 870 612
2 936 585
2 1002 558
