0 1879 1016
0 1839 989
0 1799 962
0 1758 935
0 1718 908
0 1677 881
0 1636 854
0 1595 828
0 1554 801
0 1513 774
0 1472 747
0 1431 720
0 1390 693
0 1349 666
0 1308 639
0 1268 612
0 1227 585
0 1186 558
1 498 1016
1 531 989
1 563 962
1 596 935
1 629 908
1 661 881
1 694 854
1 727 828
1 759 801
1 792 774
1 825 747
1 857 720
1 890 693
1 923 666
1 955 639
1 988 612
1 1021 585
1 1053 558
2 53 908
2 124 881
2 195 854
2 266 828
2 337 801
2 408 774
2 479 747
2 550 720
2 621 693
2 692 666
2 763 639
2 834 612
2 904 585
2 975 558
3 50 774
3 157 747
3 265 720
3 373 693
3 482 666
3 590 639
3 700 612
3 809 585
3 918 558
