0 1964 1016
0 1920 989
0 1875 962
0 1829 935
0 1783 908
0 1738 881
0 1692 854
0 1646 828
0 1600 801
0 1554 774
0 1508 747
0 1462 720
0 1416 693
0 1370 666
0 1324 639
0 1278 612
0 1232 585
0 1186 558
1 589 1016
1 617 989
1 645 962
1 673 935
1 701 908
1 729 881
1 757 854
1 785 828
1 814 801
1 842 774
1 870 747
1 898 720
1 926 693
1 955 666
1 983 639
1 1011 612
1 1039 585
1 1067 558
2 1315 1016
2 1305 989
2 1294 962
2 1283 935
2 1272 908
2 1261 881
2 1250 854
2 1239 828
2 1228 801
2 1217 774
2 1206 747
2 1195 720
2 1184 693
2 1172 666
2 1161 639
2 1150 612
2 1139 585
2 1127 558
