0 395 1016
0 434 989
0 473 962
0 512 935
0 551 908
0 591 881
0 630 854
0 670 828
0 710 801
0 750 774
0 789 747
0 829 720
0 869 693
0 909 666
0 948 639
0 988 612
0 1028 585
0 1067 558
1 1806 1016
1 1771 989
1 1734 962
1 1698 935
1 1661 908
1 1625 881
1 1588 854
1 1551 828
1 1514 801
1 1477 774
1 1440 747
1 1403 720
1 1366 693
1 1328 666
1 1291 639
1 1253 612
1 1215 585
1 1177 558
2 1158 1016
2 1156 989
2 1154 962
2 1151 935
2 1148 908
2 1145 881
2 1142 854
2 1139 828
2 1137 801
2 1134 774
2 1131 747
2 1128 720
2 1125 693
2 1122 666
2 1119 639
2 1116 612
2 1113 585
2 1110 558
