0 1881 1016
0 1841 989
0 1801 962
0 1760 935
0 1719 908
0 1678 881
0 1637 854
0 1596 828
0 1554 801
0 1513 774
0 1472 747
0 1431 720
0 1390 693
0 1348 666
0 1307 639
0 1266 612
0 1225 585
0 1183 558
1 105 774
1 210 747
1 316 720
1 421 693
1 527 666
1 633 639
1 739 612
1 845 585
1 951 558
2 1157 1016
2 1154 989
2 1152 962
2 1149 935
2 1147 908
2 1145 881
2 1143 854
2 1140 828
2 1138 801
2 1136 774
2 1134 747
2 1131 720
2 1129 693
2 1127 666
2 1125 639
2 1122 612
2 1120 585
2 1117 558
3 470 1016
3 504 989
3 538 962
3 573 935
3 608 908
3 642 881
3 677 854
3 712 828
3 747 801
3 782 774
3 817 747
3 852 720
3 887 693
3 922 666
3 956 639
3 991 612
3 1026 585
3 1060 558
