0 493 1016
0 524 989
0 557 962
0 589 935
0 622 908
0 655 881
0 688 854
0 721 828
0 754 801
0 787 774
0 820 747
0 853 720
0 887 693
0 920 666
0 953 639
0 986 612
0 1019 585
0 1052 558
1 1858 1016
1 1819 989
1 1779 962
1 1739 935
1 1699 908
1 1659 881
1 1618 854
1 1578 828
1 1538 801
1 1498 774
1 1457 747
1 1417 720
1 1377 693
1 1336 666
1 1296 639
1 1256 612
1 1216 585
1 1175 558
2 61 908
2 132 881
2 203 854
2 274 828
2 346 801
2 417 774
2 488 747
2 560 720
2 631 693
2 703 666
2 774 639
2 845 612
2 917 585
2 988 558
3 62 774
3 171 747
3 280 720
3 389 693
3 499 666
3 609 639
3 720 612
3 831 585
3 941 558
