0 502 1016
0 536 989
0 569 962
0 603 935
0 637 908
0 670 881
0 704 854
0 737 828
0 771 801
0 805 774
0 838 747
0 872 720
0 906 693
0 939 666
0 973 639
0 1006 612
0 1040 585
0 1073 558
1 1896 1016
1 1856 989
1 1816 962
1 1775 935
1 1735 908
1 1694 881
1 1653 854
1 1612 828
1 1571 801
1 1530 774
1 1489 747
1 1447 720
1 1406 693
1 1364 666
1 1323 639
1 1281 612
1 1240 585
1 1198 558
2 9 908
2 84 881
2 160 854
2 235 828
2 311 801
2 386 774
2 462 747
2 537 720
2 613 693
2 688 666
2 764 639
2 839 612
2 914 585
2 990 558
