0 1791 1016
0 1756 989
0 1720 962
0 1684 935
0 1648 908
0 1612 881
0 1575 854
0 1539 828
0 1503 801
0 1466 774
0 1430 747
0 1394 720
0 1358 693
0 1321 666
0 1285 639
0 1249 612
0 1212 585
0 1176 558
1 418 1016
1 454 989
1 491 962
1 528 935
1 566 908
1 603 881
1 641 854
1 678 828
1 716 801
1 754 774
1 791 747
1 829 720
1 867 693
1 905 666
1 943 639
1 980 612
1 1018 585
1 1056 558
2 0 908
2 77 881
2 154 854
2 231 828
2 308 801
2 385 774
2 462 747
2 539 720
2 615 693
2 692 666
2 769 639
2 846 612
2 923 585
2 1000 558
