0 1892 1016
0 1852 989
0 1811 962
0 1770 935
0 1729 908
0 1688 881
0 1647 854
0 1605 828
0 1564 801
0 1523 774
0 1481 747
0 1440 720
0 1399 693
0 1357 666
0 1316 639
0 1274 612
0 1233 585
0 1191 558
1 458 1016
1 492 989
1 527 962
1 561 935
1 596 908
1 631 881
1 666 854
1 702 828
1 737 801
1 772 774
1 807 747
1 842 720
1 878 693
1 913 666
1 948 639
1 983 612
1 1018 585
1 1053 558
2 1169 1016
2 1165 989
2 1162 962
2 1160 935
2 1157 908
2 1154 881
2 1151 854
2 1148 828
2 1145 801
2 1142 774
2 1139 747
2 1136 720
2 1133 693
2 1130 666
2 1127 639
2 1124 612
2 1121 585
2 1118 558
3 55 881
3 132 854
3 208 828
3 285 801
3 361 774
3 438 747
3 514 720
3 591 693
3 667 666
3 744 639
3 820 612
3 897 585
3 974 558
