0 1865 1016
0 1826 989
0 1787 962
0 1747 935
0 1707 908
0 1667 881
0 1627 854
0 1587 828
0 1547 801
0 1507 774
0 1466 747
0 1426 720
0 1385 693
0 1344 666
0 1304 639
0 1263 612
0 1222 585
0 1181 558
1 454 1016
1 488 989
1 523 962
1 557 935
1 592 908
1 627 881
1 662 854
1 698 828
1 733 801
1 768 774
1 803 747
1 839 720
1 874 693
1 909 666
1 945 639
1 980 612
1 1015 585
1 1049 558
2 1152 1016
2 1150 989
2 1148 962
2 1146 935
2 1144 908
2 1142 881
2 1139 854
2 1137 828
2 1135 801
2 1132 774
2 1130 747
2 1128 720
2 1125 693
2 1123 666
2 1121 639
2 1118 612
2 1116 585
2 1113 558
3 7 908
3 81 881
3 156 854
3 230 828
3 305 801
3 380 774
3 454 747
3 529 720
3 604 693
3 678 666
3 753 639
3 828 612
3 902 585
3 977 558
