0 371 1016
0 411 989
0 451 962
0 491 935
0 531 908
0 571 881
0 611 854
0 652 828
0 692 801
0 732 774
0 773 747
0 813 720
0 853 693
0 894 666
0 934 639
0 974 612
0 1014 585
0 1054 558
1 1768 1016
1 1734 989
1 1700 962
1 1666 935
1 1631 908
1 1597 881
1 1562 854
1 1528 828
1 1493 801
1 1459 774
1 1424 747
1 1389 720
1 1355 693
1 1320 666
1 1285 639
1 1251 612
1 1216 585
1 1181 558
2 36 908
2 108 881
2 181 854
2 254 828
2 328 801
2 401 774
2 474 747
2 547 720
2 620 693
2 693 666
2 766 639
2 839 612
2 912 585
2 985 558
