0 536 1016
0 567 989
0 599 962
0 630 935
0 662 908
0 693 881
0 724 854
0 756 828
0 787 801
0 819 774
0 850 747
0 882 720
0 913 693
0 945 666
0 976 639
0 1008 612
0 1039 585
0 1070 558
1 1944 1016
1 1902 989
1 1858 962
1 1815 935
1 1771 908
1 1727 881
1 1683 854
1 1640 828
1 1596 801
1 1552 774
1 1508 747
1 1463 720
1 1419 693
1 1375 666
1 1331 639
1 1287 612
1 1243 585
1 1199 558
2 10 801
2 113 774
2 217 747
2 320 720
2 424 693
2 529 666
2 633 639
2 738 612
2 844 585
2 948 558
3 10 935
3 81 908
3 152 881
3 224 854
3 295 828
3 366 801
3 438 774
3 509 747
3 580 720
3 652 693
3 723 666
3 794 639
3 865 612
3 936 585
3 1007 558
