0 386 1016
0 425 989
0 465 962
0 504 935
0 544 908
0 584 881
0 624 854
0 664 828
0 704 801
0 744 774
0 784 747
0 824 720
0 864 693
0 904 666
0 944 639
0 984 612
0 1024 585
0 1063 558
1 1808 1016
1 1772 989
1 1736 962
1 1699 935
1 1662 908
1 1625 881
1 1588 854
1 1551 828
1 1514 801
1 1476 774
1 1439 747
1 1402 720
1 1365 693
1 1327 666
1 1290 639
1 1252 612
1 1215 585
1 1177 558
2 1148 1016
2 1146 989
2 1144 962
2 1142 935
2 1140 908
2 1138 881
2 1136 854
2 1134 828
2 1131 801
2 1129 774
2 1127 747
2 1125 720
2 1123 693
2 1121 666
2 1119 639
2 1117 612
2 1114 585
2 1112 558
3 15 774
3 131 747
3 247 720
3 363 693
3 480 666
3 596 639
3 713 612
3 830 585
3 947 558
