0 1817 1016
0 1781 989
0 1743 962
0 1706 935
0 1669 908
0 1631 881
0 1594 854
0 1556 828
0 1518 801
0 1481 774
0 1443 747
0 1406 720
0 1368 693
0 1330 666
0 1293 639
0 1255 612
0 1218 585
0 1180 558
1 447 1016
1 480 989
1 514 962
1 549 935
1 583 908
1 618 881
1 653 854
1 688 828
1 723 801
1 759 774
1 794 747
1 829 720
1 865 693
1 900 666
1 936 639
1 972 612
1 1007 585
1 1043 558
2 9 908
2 82 881
2 156 854
2 230 828
2 304 801
2 377 774
2 451 747
2 525 720
2 599 693
2 672 666
2 746 639
2 820 612
2 894 585
2 967 558
