0 1887 1016
0 1847 989
0 1806 962
0 1766 935
0 1724 908
0 1683 881
0 1642 854
0 1601 828
0 1560 801
0 1518 774
0 1477 747
0 1436 720
0 1394 693
0 1353 666
0 1312 639
0 1270 612
0 1229 585
0 1188 558
1 506 1016
1 538 989
1 571 962
1 604 935
1 637 908
1 670 881
1 703 854
1 736 828
1 769 801
1 802 774
1 835 747
1 868 720
1 901 693
1 934 666
1 967 639
1 999 612
1 1032 585
1 1065 558
2 42 935
2 111 908
2 179 881
2 248 854
2 317 828
2 385 801
2 454 774
2 523 747
2 592 720
2 661 693
2 730 666
2 799 639
2 867 612
2 936 585
2 1004 558
3 86 774
3 194 747
3 301 720
3 410 693
3 519 666
3 627 639
3 737 612
3 846 585
3 955 558
