0 1843 1016
0 1805 989
0 1766 962
0 1726 935
0 1687 908
0 1647 881
0 1607 854
0 1568 828
0 1528 801
0 1488 774
0 1448 747
0 1409 720
0 1369 693
0 1329 666
0 1289 639
0 1249 612
0 1209 585
0 1169 558
1 433 1016
1 468 989
1 503 962
1 539 935
1 575 908
1 611 881
1 647 854
1 683 828
1 719 801
1 756 774
1 792 747
1 828 720
1 865 693
1 901 666
1 938 639
1 974 612
1 1011 585
1 1047 558
2 38 908
2 111 881
2 184 854
2 257 828
2 330 801
2 403 774
2 476 747
2 549 720
2 622 693
2 695 666
2 768 639
2 841 612
2 914 585
2 987 558
