0 1901 1016
0 1861 989
0 1820 962
0 1778 935
0 1737 908
0 1695 881
0 1654 854
0 1612 828
0 1570 801
0 1529 774
0 1487 747
0 1445 720
0 1403 693
0 1362 666
0 1320 639
0 1278 612
0 1236 585
0 1195 558
1 501 1016
1 533 989
1 565 962
1 598 935
1 631 908
1 664 881
1 697 854
1 730 828
1 763 801
1 796 774
1 830 747
1 863 720
1 896 693
1 929 666
1 962 639
1 995 612
1 1029 585
1 1062 558
2 9 935
2 80 908
2 150 881
2 221 854
2 292 828
2 363 801
2 434 774
2 505 747
2 576 720
2 647 693
2 718 666
2 788 639
2 859 612
2 930 585
2 1000 558
3 94 774
3 199 747
3 304 720
3 409 693
3 515 666
3 621 639
3 727 612
3 833 585
3 939 558
