0 1893 1016
0 1853 989
0 1812 962
0 1771 935
0 1730 908
0 1688 881
0 1647 854
0 1605 828
0 1563 801
0 1522 774
0 1479 747
0 1437 720
0 1395 693
0 1352 666
0 1310 639
0 1267 612
0 1224 585
0 1181 558
1 507 1016
1 539 989
1 571 962
1 603 935
1 635 908
1 667 881
1 700 854
1 732 828
1 764 801
1 796 774
1 828 747
1 860 720
1 893 693
1 925 666
1 957 639
1 989 612
1 1021 585
1 1053 558
2 6 935
2 75 908
2 145 881
2 214 854
2 284 828
2 354 801
2 423 774
2 493 747
2 563 720
2 633 693
2 703 666
2 773 639
2 842 612
2 912 585
2 981 558
