0 1850 1016
0 1812 989
0 1774 962
0 1735 935
0 1696 908
0 1657 881
0 1618 854
0 1579 828
0 1539 801
0 1500 774
0 1460 747
0 1420 720
0 1380 693
0 1340 666
0 1300 639
0 1260 612
0 1219 585
0 1178 558
1 505 1016
1 536 989
1 567 962
1 599 935
1 630 908
1 662 881
1 693 854
1 725 828
1 757 801
1 789 774
1 821 747
1 853 720
1 885 693
1 918 666
1 951 639
1 983 612
1 1017 585
1 1050 558
2 72 774
2 178 747
2 286 720
2 393 693
2 502 666
2 610 639
2 719 612
2 827 585
2 936 558
3 9 935
3 79 908
3 149 881
3 219 854
3 289 828
3 359 801
3 430 774
3 500 747
3 570 720
3 640 693
3 710 666
3 781 639
3 851 612
3 921 585
3 991 558
