0 1904 1016
0 1863 989
0 1822 962
0 1780 935
0 1738 908
0 1696 881
0 1654 854
0 1611 828
0 1569 801
0 1526 774
0 1484 747
0 1441 720
0 1399 693
0 1356 666
0 1313 639
0 1270 612
0 1227 585
0 1184 558
1 524 1016
1 554 989
1 585 962
1 616 935
1 647 908
1 678 881
1 709 854
1 740 828
1 772 801
1 803 774
1 834 747
1 866 720
1 897 693
1 928 666
1 959 639
1 991 612
1 1022 585
1 1053 558
2 65 908
2 136 881
2 207 854
2 278 828
2 349 801
2 419 774
2 490 747
2 561 720
2 632 693
2 703 666
2 774 639
2 844 612
2 915 585
2 986 558
3 87 774
3 191 747
3 296 720
3 401 693
3 507 666
3 612 639
3 718 612
3 824 585
3 930 558
