0 1870 1016
0 1831 989
0 1791 962
0 1751 935
0 1711 908
0 1671 881
0 1630 854
0 1590 828
0 1549 801
0 1508 774
0 1468 747
0 1427 720
0 1386 693
0 1345 666
0 1304 639
0 1264 612
0 1223 585
0 1182 558
1 510 1016
1 541 989
1 572 962
1 604 935
1 636 908
1 667 881
1 699 854
1 731 828
1 764 801
1 796 774
1 828 747
1 860 720
1 893 693
1 925 666
1 958 639
1 990 612
1 1023 585
1 1056 558
2 58 774
2 168 747
2 278 720
2 389 693
2 500 666
2 611 639
2 722 612
2 834 585
2 945 558
3 14 908
3 89 881
3 164 854
3 239 828
3 315 801
3 390 774
3 465 747
3 541 720
3 616 693
3 691 666
3 767 639
3 842 612
3 917 585
3 993 558
