0 1862 1016
0 1824 989
0 1785 962
0 1746 935
0 1707 908
0 1668 881
0 1628 854
0 1589 828
0 1550 801
0 1510 774
0 1471 747
0 1431 720
0 1392 693
0 1352 666
0 1313 639
0 1273 612
0 1233 585
0 1194 558
1 468 1016
1 503 989
1 538 962
1 572 935
1 607 908
1 642 881
1 677 854
1 712 828
1 747 801
1 782 774
1 817 747
1 853 720
1 888 693
1 923 666
1 958 639
1 993 612
1 1028 585
1 1063 558
2 66 908
2 137 881
2 209 854
2 281 828
2 352 801
2 424 774
2 496 747
2 567 720
2 639 693
2 711 666
2 783 639
2 854 612
2 926 585
2 997 558
3 77 774
3 184 747
3 292 720
3 400 693
3 508 666
3 617 639
3 726 612
3 835 585
3 944 558
