0 1742 1016
0 1710 989
0 1678 962
0 1645 935
0 1612 908
0 1578 881
0 1545 854
0 1512 828
0 1479 801
0 1445 774
0 1412 747
0 1379 720
0 1346 693
0 1313 666
0 1280 639
0 1248 612
0 1215 585
0 1183 558
1 11 908
1 85 881
1 160 854
1 235 828
1 309 801
1 384 774
1 459 747
1 533 720
1 608 693
1 683 666
1 757 639
1 832 612
1 907 585
1 981 558
2 327 1016
2 368 989
2 409 962
2 451 935
2 494 908
2 537 881
2 579 854
2 622 828
2 665 801
2 707 774
2 750 747
2 792 720
2 835 693
2 877 666
2 919 639
2 961 612
2 1003 585
2 1044 558
