0 1836 1016
0 1799 989
0 1762 962
0 1724 935
0 1686 908
0 1648 881
0 1610 854
0 1571 828
0 1533 801
0 1495 774
0 1457 747
0 1419 720
0 1380 693
0 1342 666
0 1304 639
0 1266 612
0 1228 585
0 1190 558
1 438 1016
1 473 989
1 509 962
1 545 935
1 581 908
1 618 881
1 654 854
1 690 828
1 726 801
1 762 774
1 799 747
1 835 720
1 871 693
1 907 666
1 943 639
1 979 612
1 1015 585
1 1051 558
2 1081 1016
2 1084 989
2 1086 962
2 1089 935
2 1091 908
2 1094 881
2 1096 854
2 1098 828
2 1101 801
2 1103 774
2 1105 747
2 1108 720
2 1110 693
2 1112 666
2 1115 639
2 1117 612
2 1119 585
2 1121 558
