0 629 1016
0 655 989
0 681 962
0 707 935
0 733 908
0 759 881
0 785 854
0 811 828
0 837 801
0 863 774
0 889 747
0 915 720
0 941 693
0 967 666
0 993 639
0 1019 612
0 1044 585
0 1070 558
1 2011 1016
1 1965 989
1 1918 962
1 1870 935
1 1823 908
1 1775 881
1 1728 854
1 1680 828
1 1633 801
1 1585 774
1 1538 747
1 1490 720
1 1442 693
1 1395 666
1 1347 639
1 1300 612
1 1252 585
1 1205 558
2 6 962
2 71 935
2 137 908
2 203 881
2 269 854
2 335 828
2 401 801
2 467 774
2 533 747
2 599 720
2 666 693
2 732 666
2 798 639
2 864 612
2 930 585
2 995 558
