0 447 1016
0 482 989
0 517 962
0 553 935
0 588 908
0 624 881
0 660 854
0 695 828
0 731 801
0 767 774
0 803 747
0 839 720
0 874 693
0 910 666
0 946 639
0 982 612
0 1017 585
0 1053 558
1 1873 1016
1 1833 989
1 1793 962
1 1752 935
1 1711 908
1 1670 881
1 1629 854
1 1588 828
1 1547 801
1 1506 774
1 1465 747
1 1423 720
1 1382 693
1 1340 666
1 1299 639
1 1257 612
1 1216 585
1 1174 558
2 30 908
2 104 881
2 178 854
2 252 828
2 326 801
2 400 774
2 474 747
2 548 720
2 622 693
2 696 666
2 770 639
2 844 612
2 918 585
2 991 558
3 57 774
3 167 747
3 277 720
3 387 693
3 498 666
3 608 639
3 720 612
3 831 585
3 942 558
