0 400 1016
0 438 989
0 476 962
0 515 935
0 553 908
0 592 881
0 630 854
0 669 828
0 707 801
0 746 774
0 784 747
0 823 720
0 861 693
0 900 666
0 938 639
0 976 612
0 1015 585
0 1053 558
1 1819 1016
1 1783 989
1 1746 962
1 1709 935
1 1672 908
1 1635 881
1 1597 854
1 1560 828
1 1523 801
1 1486 774
1 1448 747
1 1411 720
1 1374 693
1 1337 666
1 1299 639
1 1262 612
1 1225 585
1 1187 558
2 31 908
2 103 881
2 176 854
2 249 828
2 321 801
2 394 774
2 466 747
2 539 720
2 612 693
2 684 666
2 757 639
2 829 612
2 902 585
2 975 558
