0 583 1016
0 611 989
0 639 962
0 668 935
0 696 908
0 724 881
0 753 854
0 781 828
0 810 801
0 838 774
0 866 747
0 895 720
0 923 693
0 952 666
0 980 639
0 1008 612
0 1037 585
0 1065 558
1 1986 1016
1 1941 989
1 1895 962
1 1849 935
1 1803 908
1 1757 881
1 1711 854
1 1664 828
1 1618 801
1 1571 774
1 1525 747
1 1478 720
1 1431 693
1 1384 666
1 1337 639
1 1290 612
1 1243 585
1 1196 558
2 45 935
2 113 908
2 181 881
2 249 854
2 317 828
2 385 801
2 453 774
2 521 747
2 589 720
2 657 693
2 726 666
2 794 639
2 862 612
2 930 585
2 997 558
