0 1795 1016
0 1760 989
0 1724 962
0 1688 935
0 1652 908
0 1616 881
0 1580 854
0 1544 828
0 1507 801
0 1470 774
0 1433 747
0 1395 720
0 1358 693
0 1320 666
0 1281 639
0 1243 612
0 1203 585
0 1163 558
1 384 1016
1 422 989
1 460 962
1 498 935
1 537 908
1 575 881
1 614 854
1 652 828
1 691 801
1 729 774
1 768 747
1 806 720
1 845 693
1 884 666
1 922 639
1 960 612
1 999 585
1 1037 558
2 54 774
2 161 747
2 269 720
2 377 693
2 486 666
2 594 639
2 703 612
2 813 585
2 922 558
3 3 908
3 77 881
3 151 854
3 225 828
3 299 801
3 373 774
3 446 747
3 520 720
3 594 693
3 668 666
3 742 639
3 816 612
3 889 585
3 963 558
