0 1834 1016
0 1797 989
0 1759 962
0 1721 935
0 1683 908
0 1645 881
0 1606 854
0 1567 828
0 1529 801
0 1490 774
0 1451 747
0 1412 720
0 1372 693
0 1333 666
0 1293 639
0 1254 612
0 1214 585
0 1173 558
1 425 1016
1 460 989
1 497 962
1 534 935
1 571 908
1 608 881
1 645 854
1 683 828
1 720 801
1 758 774
1 795 747
1 832 720
1 870 693
1 907 666
1 945 639
1 982 612
1 1019 585
1 1056 558
2 65 774
2 175 747
2 285 720
2 395 693
2 506 666
2 617 639
2 728 612
2 839 585
2 951 558
3 15 908
3 90 881
3 165 854
3 240 828
3 315 801
3 390 774
3 466 747
3 541 720
3 616 693
3 692 666
3 767 639
3 842 612
3 918 585
3 993 558
