0 510 1016
0 542 989
0 574 962
0 607 935
0 639 908
0 672 881
0 704 854
0 737 828
0 769 801
0 802 774
0 834 747
0 867 720
0 900 693
0 932 666
0 965 639
0 997 612
0 1030 585
0 1062 558
1 1930 1016
1 1889 989
1 1846 962
1 1804 935
1 1761 908
1 1719 881
1 1676 854
1 1633 828
1 1590 801
1 1547 774
1 1504 747
1 1460 720
1 1417 693
1 1373 666
1 1329 639
1 1285 612
1 1240 585
1 1195 558
2 45 908
2 118 881
2 191 854
2 265 828
2 338 801
2 412 774
2 485 747
2 559 720
2 632 693
2 706 666
2 779 639
2 852 612
2 926 585
2 999 558
