0 319 1016
0 362 989
0 405 962
0 448 935
0 491 908
0 535 881
0 579 854
0 622 828
0 666 801
0 709 774
0 753 747
0 797 720
0 840 693
0 884 666
0 928 639
0 971 612
0 1015 585
0 1058 558
1 1748 1016
1 1717 989
1 1684 962
1 1651 935
1 1618 908
1 1585 881
1 1552 854
1 1518 828
1 1485 801
1 1452 774
1 1418 747
1 1385 720
1 1352 693
1 1318 666
1 1285 639
1 1252 612
1 1219 585
1 1186 558
2 72 854
2 155 828
2 239 801
2 322 774
2 405 747
2 488 720
2 571 693
2 654 666
2 737 639
2 820 612
2 903 585
2 986 558
