0 1874 1016
0 1835 989
0 1795 962
0 1755 935
0 1714 908
0 1674 881
0 1633 854
0 1593 828
0 1552 801
0 1511 774
0 1471 747
0 1430 720
0 1389 693
0 1349 666
0 1308 639
0 1267 612
0 1227 585
0 1186 558
1 447 1016
1 482 989
1 517 962
1 552 935
1 588 908
1 624 881
1 660 854
1 695 828
1 731 801
1 767 774
1 803 747
1 839 720
1 875 693
1 911 666
1 947 639
1 982 612
1 1018 585
1 1054 558
2 1151 1016
2 1149 989
2 1147 962
2 1145 935
2 1143 908
2 1141 881
2 1139 854
2 1137 828
2 1135 801
2 1133 774
2 1131 747
2 1129 720
2 1127 693
2 1124 666
2 1122 639
2 1120 612
2 1118 585
2 1115 558
3 49 962
3 112 935
3 175 908
3 239 881
3 303 854
3 367 828
3 431 801
3 495 774
3 559 747
3 623 720
3 687 693
3 751 666
3 816 639
3 879 612
3 943 585
3 1007 558
