0 1831 1016
0 1794 989
0 1756 962
0 1718 935
0 1680 908
0 1642 881
0 1603 854
0 1565 828
0 1527 801
0 1489 774
0 1450 747
0 1412 720
0 1373 693
0 1335 666
0 1297 639
0 1258 612
0 1220 585
0 1181 558
1 485 1016
1 517 989
1 550 962
1 583 935
1 616 908
1 649 881
1 682 854
1 715 828
1 748 801
1 781 774
1 815 747
1 848 720
1 882 693
1 915 666
1 949 639
1 983 612
1 1016 585
1 1050 558
2 35 908
2 108 881
2 181 854
2 254 828
2 327 801
2 400 774
2 473 747
2 546 720
2 619 693
2 692 666
2 765 639
2 838 612
2 911 585
2 984 558
