0 1848 1016
0 1812 989
0 1774 962
0 1736 935
0 1698 908
0 1660 881
0 1622 854
0 1584 828
0 1546 801
0 1507 774
0 1469 747
0 1430 720
0 1391 693
0 1352 666
0 1313 639
0 1274 612
0 1234 585
0 1194 558
1 476 1016
1 510 989
1 544 962
1 578 935
1 612 908
1 647 881
1 681 854
1 716 828
1 750 801
1 785 774
1 819 747
1 854 720
1 889 693
1 923 666
1 958 639
1 993 612
1 1027 585
1 1062 558
2 2 935
2 73 908
2 144 881
2 216 854
2 287 828
2 359 801
2 430 774
2 502 747
2 574 720
2 645 693
2 717 666
2 788 639
2 860 612
2 931 585
2 1003 558
3 80 774
3 188 747
3 296 720
3 405 693
3 514 666
3 623 639
3 732 612
3 841 585
3 951 558
