0 1863 1016
0 1824 989
0 1785 962
0 1745 935
0 1706 908
0 1666 881
0 1626 854
0 1586 828
0 1546 801
0 1506 774
0 1466 747
0 1426 720
0 1386 693
0 1345 666
0 1305 639
0 1265 612
0 1225 585
0 1185 558
1 486 1016
1 519 989
1 551 962
1 584 935
1 616 908
1 649 881
1 682 854
1 715 828
1 748 801
1 780 774
1 813 747
1 847 720
1 880 693
1 913 666
1 946 639
1 979 612
1 1012 585
1 1046 558
2 38 774
2 148 747
2 258 720
2 369 693
2 481 666
2 592 639
2 703 612
2 815 585
2 927 558
3 28 908
3 101 881
3 174 854
3 247 828
3 320 801
3 393 774
3 466 747
3 539 720
3 613 693
3 686 666
3 759 639
3 832 612
3 905 585
3 978 558
