0 1960 1016
0 1916 989
0 1871 962
0 1826 935
0 1781 908
0 1735 881
0 1690 854
0 1644 828
0 1599 801
0 1554 774
0 1508 747
0 1463 720
0 1417 693
0 1372 666
0 1326 639
0 1281 612
0 1235 585
0 1190 558
1 576 1016
1 604 989
1 632 962
1 660 935
1 688 908
1 717 881
1 745 854
1 774 828
1 802 801
1 831 774
1 860 747
1 888 720
1 917 693
1 946 666
1 974 639
1 1003 612
1 1032 585
1 1060 558
2 17 801
2 120 774
2 223 747
2 326 720
2 429 693
2 533 666
2 636 639
2 740 612
2 844 585
2 948 558
3 55 935
3 122 908
3 190 881
3 257 854
3 325 828
3 392 801
3 460 774
3 528 747
3 595 720
3 663 693
3 731 666
3 798 639
3 866 612
3 933 585
3 1000 558
