0 411 1016
0 447 989
0 483 962
0 519 935
0 555 908
0 591 881
0 628 854
0 664 828
0 701 801
0 738 774
0 775 747
0 812 720
0 849 693
0 887 666
0 925 639
0 964 612
0 1002 585
0 1042 558
1 1773 1016
1 1739 989
1 1704 962
1 1670 935
1 1635 908
1 1600 881
1 1565 854
1 1531 828
1 1496 801
1 1461 774
1 1426 747
1 1392 720
1 1357 693
1 1322 666
1 1288 639
1 1253 612
1 1219 585
1 1185 558
2 17 908
2 91 881
2 165 854
2 239 828
2 312 801
2 386 774
2 460 747
2 534 720
2 608 693
2 682 666
2 755 639
2 829 612
2 903 585
2 977 558
