0 1981 1016
0 1935 989
0 1889 962
0 1843 935
0 1797 908
0 1751 881
0 1704 854
0 1658 828
0 1611 801
0 1565 774
0 1518 747
0 1472 720
0 1425 693
0 1379 666
0 1332 639
0 1285 612
0 1239 585
0 1192 558
1 588 1016
1 615 989
1 643 962
1 670 935
1 698 908
1 726 881
1 754 854
1 782 828
1 810 801
1 838 774
1 866 747
1 894 720
1 922 693
1 950 666
1 978 639
1 1006 612
1 1034 585
1 1063 558
2 42 935
2 110 908
2 178 881
2 246 854
2 315 828
2 383 801
2 452 774
2 520 747
2 589 720
2 657 693
2 726 666
2 794 639
2 862 612
2 931 585
2 999 558
