0 1762 1016
0 1729 989
0 1695 962
0 1661 935
0 1627 908
0 1592 881
0 1557 854
0 1523 828
0 1488 801
0 1453 774
0 1419 747
0 1384 720
0 1349 693
0 1314 666
0 1279 639
0 1244 612
0 1208 585
0 1173 558
1 350 1016
1 391 989
1 433 962
1 474 935
1 515 908
1 557 881
1 598 854
1 640 828
1 681 801
1 723 774
1 764 747
1 806 720
1 847 693
1 888 666
1 930 639
1 971 612
1 1013 585
1 1054 558
2 2202 801
2 2100 774
2 1998 747
2 1895 720
2 1793 693
2 1691 666
2 1589 639
2 1486 612
2 1384 585
2 1281 558
3 103 747
3 219 720
3 335 693
3 453 666
3 570 639
3 687 612
3 805 585
3 923 558
