0 327 1016
0 369 989
0 412 962
0 454 935
0 497 908
0 540 881
0 583 854
0 626 828
0 669 801
0 713 774
0 756 747
0 799 720
0 842 693
0 885 666
0 928 639
0 971 612
0 1014 585
0 1057 558
1 1764 1016
1 1730 989
1 1696 962
1 1662 935
1 1627 908
1 1593 881
1 1558 854
1 1524 828
1 1490 801
1 1455 774
1 1421 747
1 1387 720
1 1353 693
1 1319 666
1 1285 639
1 1252 612
1 1219 585
1 1186 558
2 54 854
2 140 828
2 226 801
2 312 774
2 399 747
2 485 720
2 571 693
2 657 666
2 743 639
2 829 612
2 915 585
2 1001 558
