0 1975 1016
0 1930 989
0 1885 962
0 1840 935
0 1794 908
0 1748 881
0 1703 854
0 1657 828
0 1611 801
0 1565 774
0 1519 747
0 1473 720
0 1426 693
0 1380 666
0 1333 639
0 1287 612
0 1240 585
0 1193 558
1 556 1016
1 585 989
1 615 962
1 644 935
1 674 908
1 704 881
1 734 854
1 764 828
1 794 801
1 824 774
1 854 747
1 884 720
1 914 693
1 944 666
1 974 639
1 1004 612
1 1034 585
1 1063 558
2 35 935
2 104 908
2 173 881
2 243 854
2 312 828
2 381 801
2 451 774
2 520 747
2 589 720
2 659 693
2 728 666
2 798 639
2 867 612
2 936 585
2 1005 558
