0 1855 1016
0 1817 989
0 1778 962
0 1739 935
0 1700 908
0 1660 881
0 1621 854
0 1581 828
0 1542 801
0 1502 774
0 1462 747
0 1422 720
0 1382 693
0 1341 666
0 1301 639
0 1260 612
0 1220 585
0 1179 558
1 482 1016
1 515 989
1 548 962
1 581 935
1 614 908
1 648 881
1 681 854
1 715 828
1 748 801
1 782 774
1 816 747
1 849 720
1 883 693
1 917 666
1 950 639
1 984 612
1 1018 585
1 1051 558
2 81 774
2 186 747
2 292 720
2 398 693
2 505 666
2 611 639
2 718 612
2 825 585
2 932 558
3 61 908
3 132 881
3 203 854
3 274 828
3 345 801
3 416 774
3 488 747
3 559 720
3 630 693
3 701 666
3 772 639
3 844 612
3 915 585
3 986 558
