0 1886 1016
0 1847 989
0 1806 962
0 1766 935
0 1725 908
0 1685 881
0 1644 854
0 1603 828
0 1563 801
0 1522 774
0 1481 747
0 1440 720
0 1399 693
0 1358 666
0 1318 639
0 1277 612
0 1236 585
0 1195 558
1 488 1016
1 520 989
1 554 962
1 587 935
1 621 908
1 655 881
1 689 854
1 723 828
1 757 801
1 791 774
1 825 747
1 859 720
1 893 693
1 927 666
1 961 639
1 995 612
1 1029 585
1 1063 558
2 9 935
2 80 908
2 150 881
2 221 854
2 293 828
2 364 801
2 435 774
2 506 747
2 577 720
2 648 693
2 719 666
2 790 639
2 861 612
2 932 585
2 1002 558
3 82 774
3 189 747
3 296 720
3 404 693
3 512 666
3 621 639
3 729 612
3 838 585
3 947 558
