0 479 1016
0 512 989
0 546 962
0 580 935
0 614 908
0 647 881
0 681 854
0 715 828
0 749 801
0 784 774
0 818 747
0 852 720
0 886 693
0 920 666
0 954 639
0 988 612
0 1022 585
0 1055 558
1 1892 1016
1 1852 989
1 1811 962
1 1770 935
1 1729 908
1 1688 881
1 1647 854
1 1606 828
1 1565 801
1 1524 774
1 1483 747
1 1442 720
1 1401 693
1 1360 666
1 1319 639
1 1278 612
1 1237 585
1 1196 558
2 41 908
2 113 881
2 185 854
2 257 828
2 329 801
2 401 774
2 474 747
2 546 720
2 618 693
2 690 666
2 762 639
2 834 612
2 906 585
2 978 558
