0 1794 1016
0 1759 989
0 1723 962
0 1687 935
0 1651 908
0 1614 881
0 1578 854
0 1542 828
0 1505 801
0 1469 774
0 1432 747
0 1395 720
0 1359 693
0 1322 666
0 1285 639
0 1248 612
0 1211 585
0 1174 558
1 386 1016
1 424 989
1 463 962
1 501 935
1 540 908
1 579 881
1 619 854
1 658 828
1 697 801
1 736 774
1 776 747
1 815 720
1 854 693
1 894 666
1 933 639
1 972 612
1 1011 585
1 1051 558
2 1155 1016
2 1153 989
2 1150 962
2 1147 935
2 1144 908
2 1141 881
2 1138 854
2 1134 828
2 1131 801
2 1128 774
2 1125 747
2 1122 720
2 1119 693
2 1116 666
2 1113 639
2 1110 612
2 1107 585
2 1104 558
3 4 774
3 120 747
3 236 720
3 352 693
3 469 666
3 586 639
3 704 612
3 821 585
3 938 558
