0 469 1016
0 503 989
0 536 962
0 570 935
0 604 908
0 639 881
0 673 854
0 707 828
0 741 801
0 776 774
0 810 747
0 844 720
0 879 693
0 913 666
0 947 639
0 981 612
0 1016 585
0 1050 558
1 1876 1016
1 1837 989
1 1796 962
1 1756 935
1 1715 908
1 1674 881
1 1633 854
1 1593 828
1 1552 801
1 1511 774
1 1470 747
1 1429 720
1 1388 693
1 1347 666
1 1306 639
1 1266 612
1 1225 585
1 1184 558
2 58 908
2 128 881
2 199 854
2 269 828
2 340 801
2 410 774
2 481 747
2 551 720
2 622 693
2 692 666
2 763 639
2 834 612
2 904 585
2 974 558
3 83 774
3 187 747
3 291 720
3 395 693
3 500 666
3 605 639
3 711 612
3 816 585
3 921 558
