0 1924 1016
0 1882 989
0 1839 962
0 1797 935
0 1754 908
0 1710 881
0 1667 854
0 1624 828
0 1581 801
0 1538 774
0 1495 747
0 1451 720
0 1408 693
0 1365 666
0 1322 639
0 1279 612
0 1235 585
0 1192 558
1 527 1016
1 558 989
1 590 962
1 621 935
1 653 908
1 685 881
1 716 854
1 748 828
1 780 801
1 811 774
1 843 747
1 875 720
1 907 693
1 938 666
1 970 639
1 1001 612
1 1033 585
1 1064 558
2 33 935
2 100 908
2 168 881
2 236 854
2 304 828
2 373 801
2 441 774
2 509 747
2 578 720
2 646 693
2 714 666
2 783 639
2 851 612
2 919 585
2 987 558
