0 1837 1016
0 1801 989
0 1763 962
0 1725 935
0 1687 908
0 1649 881
0 1611 854
0 1573 828
0 1534 801
0 1496 774
0 1457 747
0 1418 720
0 1379 693
0 1340 666
0 1301 639
0 1261 612
0 1222 585
0 1182 558
1 412 1016
1 450 989
1 487 962
1 524 935
1 562 908
1 599 881
1 636 854
1 673 828
1 711 801
1 748 774
1 785 747
1 822 720
1 859 693
1 895 666
1 932 639
1 968 612
1 1005 585
1 1041 558
2 19 908
2 91 881
2 163 854
2 235 828
2 306 801
2 378 774
2 450 747
2 522 720
2 594 693
2 666 666
2 738 639
2 810 612
2 881 585
2 953 558
3 64 774
3 168 747
3 273 720
3 378 693
3 483 666
3 589 639
3 695 612
3 801 585
3 906 558
