0 1800 1016
0 1765 989
0 1729 962
0 1693 935
0 1657 908
0 1621 881
0 1585 854
0 1549 828
0 1512 801
0 1476 774
0 1439 747
0 1403 720
0 1366 693
0 1329 666
0 1292 639
0 1255 612
0 1218 585
0 1181 558
1 435 1016
1 470 989
1 506 962
1 542 935
1 579 908
1 616 881
1 652 854
1 689 828
1 726 801
1 763 774
1 800 747
1 837 720
1 874 693
1 911 666
1 948 639
1 985 612
1 1022 585
1 1058 558
2 3 881
2 84 854
2 166 828
2 248 801
2 330 774
2 411 747
2 493 720
2 575 693
2 656 666
2 738 639
2 820 612
2 902 585
2 983 558
