0 1901 1016
0 1860 989
0 1819 962
0 1778 935
0 1736 908
0 1695 881
0 1653 854
0 1612 828
0 1570 801
0 1528 774
0 1487 747
0 1445 720
0 1404 693
0 1362 666
0 1320 639
0 1279 612
0 1237 585
0 1196 558
1 533 1016
1 563 989
1 593 962
1 624 935
1 655 908
1 685 881
1 716 854
1 747 828
1 778 801
1 809 774
1 840 747
1 871 720
1 901 693
1 932 666
1 963 639
1 994 612
1 1025 585
1 1055 558
2 1237 1016
2 1232 989
2 1226 962
2 1220 935
2 1214 908
2 1208 881
2 1201 854
2 1194 828
2 1187 801
2 1180 774
2 1173 747
2 1167 720
2 1160 693
2 1153 666
2 1146 639
2 1139 612
2 1132 585
2 1125 558
3 53 774
3 161 747
3 269 720
3 377 693
3 486 666
3 594 639
3 703 612
3 812 585
3 921 558
