0 1742 1016
0 1710 989
0 1677 962
0 1643 935
0 1610 908
0 1576 881
0 1542 854
0 1509 828
0 1475 801
0 1441 774
0 1407 747
0 1373 720
0 1339 693
0 1305 666
0 1271 639
0 1237 612
0 1203 585
0 1169 558
1 359 1016
1 399 989
1 440 962
1 481 935
1 521 908
1 562 881
1 603 854
1 644 828
1 684 801
1 725 774
1 766 747
1 807 720
1 847 693
1 888 666
1 929 639
1 970 612
1 1010 585
1 1051 558
2 1085 1016
2 1087 989
2 1089 962
2 1090 935
2 1092 908
2 1093 881
2 1094 854
2 1096 828
2 1097 801
2 1098 774
2 1100 747
2 1101 720
2 1102 693
2 1103 666
2 1105 639
2 1106 612
2 1107 585
2 1108 558
