0 1744 1016
0 1712 989
0 1678 962
0 1645 935
0 1611 908
0 1577 881
0 1543 854
0 1509 828
0 1475 801
0 1441 774
0 1407 747
0 1373 720
0 1338 693
0 1304 666
0 1270 639
0 1236 612
0 1202 585
0 1168 558
1 379 1016
1 417 989
1 456 962
1 495 935
1 534 908
1 574 881
1 613 854
1 653 828
1 692 801
1 732 774
1 771 747
1 811 720
1 851 693
1 890 666
1 930 639
1 970 612
1 1010 585
1 1050 558
2 1077 1016
2 1078 989
2 1080 962
2 1082 935
2 1084 908
2 1086 881
2 1088 854
2 1090 828
2 1093 801
2 1095 774
2 1097 747
2 1099 720
2 1101 693
2 1104 666
2 1106 639
2 1108 612
2 1110 585
2 1111 558
