0 1892 1016
0 1852 989
0 1812 962
0 1771 935
0 1731 908
0 1690 881
0 1649 854
0 1608 828
0 1567 801
0 1526 774
0 1485 747
0 1443 720
0 1402 693
0 1360 666
0 1318 639
0 1276 612
0 1234 585
0 1192 558
1 512 1016
1 544 989
1 576 962
1 608 935
1 640 908
1 673 881
1 705 854
1 737 828
1 770 801
1 802 774
1 835 747
1 867 720
1 900 693
1 932 666
1 965 639
1 997 612
1 1030 585
1 1062 558
2 6 935
2 76 908
2 147 881
2 218 854
2 289 828
2 360 801
2 431 774
2 502 747
2 573 720
2 645 693
2 716 666
2 787 639
2 859 612
2 930 585
2 1001 558
