0 400 1016
0 438 989
0 476 962
0 513 935
0 551 908
0 589 881
0 627 854
0 665 828
0 703 801
0 741 774
0 779 747
0 817 720
0 855 693
0 892 666
0 930 639
0 968 612
0 1006 585
0 1043 558
1 1833 1016
1 1797 989
1 1760 962
1 1723 935
1 1686 908
1 1648 881
1 1611 854
1 1574 828
1 1536 801
1 1498 774
1 1460 747
1 1422 720
1 1383 693
1 1344 666
1 1306 639
1 1266 612
1 1227 585
1 1186 558
2 108 747
2 222 720
2 337 693
2 453 666
2 568 639
2 684 612
2 800 585
2 916 558
3 48 881
3 125 854
3 203 828
3 280 801
3 357 774
3 434 747
3 511 720
3 588 693
3 666 666
3 743 639
3 820 612
3 897 585
3 974 558
