0 1872 1016
0 1834 989
0 1794 962
0 1755 935
0 1715 908
0 1676 881
0 1636 854
0 1596 828
0 1556 801
0 1516 774
0 1477 747
0 1437 720
0 1397 693
0 1357 666
0 1317 639
0 1277 612
0 1237 585
0 1197 558
1 466 1016
1 501 989
1 537 962
1 573 935
1 609 908
1 645 881
1 681 854
1 717 828
1 753 801
1 789 774
1 825 747
1 861 720
1 897 693
1 933 666
1 969 639
1 1005 612
1 1040 585
1 1076 558
2 13 801
2 118 774
2 223 747
2 328 720
2 433 693
2 539 666
2 644 639
2 749 612
2 855 585
2 960 558
3 1235 1016
3 1229 989
3 1224 962
3 1219 935
3 1213 908
3 1207 881
3 1202 854
3 1196 828
3 1190 801
3 1184 774
3 1179 747
3 1173 720
3 1167 693
3 1161 666
3 1155 639
3 1149 612
3 1144 585
3 1138 558
