0 1896 1016
0 1855 989
0 1814 962
0 1773 935
0 1731 908
0 1689 881
0 1647 854
0 1605 828
0 1563 801
0 1520 774
0 1478 747
0 1436 720
0 1393 693
0 1351 666
0 1308 639
0 1266 612
0 1223 585
0 1180 558
1 478 1016
1 510 989
1 543 962
1 577 935
1 610 908
1 644 881
1 678 854
1 712 828
1 746 801
1 780 774
1 814 747
1 848 720
1 882 693
1 916 666
1 950 639
1 984 612
1 1018 585
1 1051 558
2 44 908
2 117 881
2 190 854
2 262 828
2 335 801
2 408 774
2 481 747
2 554 720
2 627 693
2 699 666
2 772 639
2 845 612
2 918 585
2 990 558
