0 1848 1016
0 1810 989
0 1771 962
0 1732 935
0 1693 908
0 1654 881
0 1615 854
0 1576 828
0 1537 801
0 1497 774
0 1458 747
0 1419 720
0 1380 693
0 1340 666
0 1301 639
0 1262 612
0 1223 585
0 1183 558
1 434 1016
1 469 989
1 504 962
1 540 935
1 576 908
1 613 881
1 649 854
1 685 828
1 722 801
1 758 774
1 795 747
1 831 720
1 867 693
1 904 666
1 940 639
1 977 612
1 1013 585
1 1049 558
2 27 908
2 99 881
2 172 854
2 244 828
2 317 801
2 389 774
2 462 747
2 535 720
2 607 693
2 680 666
2 753 639
2 825 612
2 898 585
2 970 558
