0 575 1016
0 604 989
0 633 962
0 662 935
0 692 908
0 721 881
0 751 854
0 780 828
0 810 801
0 840 774
0 870 747
0 899 720
0 929 693
0 959 666
0 988 639
0 1018 612
0 1048 585
0 1077 558
1 1980 1016
1 1936 989
1 1891 962
1 1845 935
1 1800 908
1 1754 881
1 1709 854
1 1663 828
1 1618 801
1 1572 774
1 1527 747
1 1481 720
1 1436 693
1 1390 666
1 1344 639
1 1299 612
1 1253 585
1 1208 558
2 61 935
2 128 908
2 196 881
2 263 854
2 331 828
2 398 801
2 466 774
2 534 747
2 602 720
2 669 693
2 737 666
2 805 639
2 872 612
2 940 585
2 1007 558
3 2160 774
3 2053 747
3 1947 720
3 1840 693
3 1733 666
3 1626 639
3 1520 612
3 1413 585
3 1306 558
