0 1864 1016
0 1825 989
0 1786 962
0 1746 935
0 1705 908
0 1665 881
0 1625 854
0 1584 828
0 1544 801
0 1503 774
0 1462 747
0 1422 720
0 1381 693
0 1340 666
0 1299 639
0 1257 612
0 1216 585
0 1175 558
1 468 1016
1 501 989
1 535 962
1 569 935
1 603 908
1 638 881
1 672 854
1 707 828
1 741 801
1 776 774
1 811 747
1 845 720
1 880 693
1 915 666
1 949 639
1 984 612
1 1018 585
1 1052 558
2 42 908
2 116 881
2 189 854
2 262 828
2 335 801
2 409 774
2 482 747
2 556 720
2 629 693
2 702 666
2 776 639
2 849 612
2 922 585
2 995 558
