0 1876 1016
0 1837 989
0 1798 962
0 1758 935
0 1718 908
0 1678 881
0 1638 854
0 1599 828
0 1559 801
0 1518 774
0 1478 747
0 1438 720
0 1398 693
0 1358 666
0 1318 639
0 1278 612
0 1238 585
0 1198 558
1 481 1016
1 514 989
1 548 962
1 582 935
1 616 908
1 650 881
1 684 854
1 718 828
1 752 801
1 786 774
1 820 747
1 854 720
1 889 693
1 923 666
1 957 639
1 991 612
1 1025 585
1 1059 558
2 4 935
2 75 908
2 146 881
2 217 854
2 288 828
2 359 801
2 430 774
2 501 747
2 573 720
2 644 693
2 715 666
2 786 639
2 857 612
2 928 585
2 999 558
3 78 774
3 185 747
3 293 720
3 401 693
3 509 666
3 617 639
3 726 612
3 835 585
3 944 558
