0 1806 1016
0 1771 989
0 1734 962
0 1698 935
0 1661 908
0 1625 881
0 1588 854
0 1551 828
0 1514 801
0 1478 774
0 1441 747
0 1404 720
0 1367 693
0 1331 666
0 1294 639
0 1258 612
0 1221 585
0 1185 558
1 411 1016
1 448 989
1 484 962
1 521 935
1 558 908
1 595 881
1 632 854
1 669 828
1 707 801
1 744 774
1 782 747
1 820 720
1 858 693
1 897 666
1 935 639
1 974 612
1 1014 585
1 1054 558
2 66 881
2 144 854
2 222 828
2 300 801
2 378 774
2 456 747
2 535 720
2 613 693
2 691 666
2 769 639
2 847 612
2 925 585
2 1003 558
3 33 774
3 145 747
3 258 720
3 370 693
3 484 666
3 597 639
3 711 612
3 825 585
3 939 558
