0 1865 1016
0 1826 989
0 1788 962
0 1748 935
0 1709 908
0 1670 881
0 1631 854
0 1591 828
0 1552 801
0 1512 774
0 1473 747
0 1433 720
0 1394 693
0 1354 666
0 1315 639
0 1276 612
0 1236 585
0 1197 558
1 459 1016
1 494 989
1 529 962
1 565 935
1 600 908
1 636 881
1 672 854
1 708 828
1 744 801
1 780 774
1 817 747
1 853 720
1 889 693
1 925 666
1 961 639
1 997 612
1 1033 585
1 1069 558
2 2 935
2 72 908
2 143 881
2 214 854
2 285 828
2 355 801
2 426 774
2 497 747
2 568 720
2 639 693
2 710 666
2 781 639
2 852 612
2 923 585
2 994 558
