0 356 1016
0 397 989
0 438 962
0 479 935
0 520 908
0 562 881
0 603 854
0 645 828
0 686 801
0 728 774
0 769 747
0 810 720
0 852 693
0 893 666
0 935 639
0 976 612
0 1017 585
0 1059 558
1 1768 1016
1 1735 989
1 1701 962
1 1666 935
1 1632 908
1 1597 881
1 1562 854
1 1528 828
1 1493 801
1 1458 774
1 1423 747
1 1387 720
1 1352 693
1 1317 666
1 1281 639
1 1246 612
1 1210 585
1 1175 558
2 1090 1016
2 1092 989
2 1093 962
2 1095 935
2 1096 908
2 1097 881
2 1099 854
2 1100 828
2 1101 801
2 1103 774
2 1104 747
2 1105 720
2 1107 693
2 1108 666
2 1109 639
2 1111 612
2 1112 585
2 1113 558
