0 1950 1016
0 1906 989
0 1862 962
0 1817 935
0 1772 908
0 1727 881
0 1682 854
0 1637 828
0 1592 801
0 1547 774
0 1502 747
0 1457 720
0 1412 693
0 1367 666
0 1322 639
0 1277 612
0 1231 585
0 1186 558
1 592 1016
1 619 989
1 647 962
1 674 935
1 702 908
1 730 881
1 757 854
1 785 828
1 813 801
1 841 774
1 868 747
1 896 720
1 924 693
1 952 666
1 979 639
1 1007 612
1 1035 585
1 1062 558
2 1304 1016
2 1295 989
2 1285 962
2 1275 935
2 1265 908
2 1255 881
2 1244 854
2 1234 828
2 1223 801
2 1213 774
2 1202 747
2 1192 720
2 1181 693
2 1170 666
2 1160 639
2 1149 612
2 1138 585
2 1128 558
