0 1806 1016
0 1771 989
0 1735 962
0 1699 935
0 1662 908
0 1626 881
0 1589 854
0 1553 828
0 1516 801
0 1480 774
0 1443 747
0 1407 720
0 1370 693
0 1333 666
0 1297 639
0 1260 612
0 1223 585
0 1187 558
1 388 1016
1 426 989
1 465 962
1 504 935
1 544 908
1 583 881
1 623 854
1 662 828
1 702 801
1 741 774
1 781 747
1 820 720
1 860 693
1 900 666
1 939 639
1 978 612
1 1018 585
1 1057 558
2 19 908
2 94 881
2 169 854
2 244 828
2 319 801
2 394 774
2 470 747
2 545 720
2 620 693
2 695 666
2 771 639
2 846 612
2 921 585
2 997 558
