0 371 1016
0 410 989
0 450 962
0 490 935
0 531 908
0 571 881
0 611 854
0 652 828
0 692 801
0 732 774
0 773 747
0 813 720
0 854 693
0 894 666
0 935 639
0 975 612
0 1015 585
0 1056 558
1 1801 1016
1 1766 989
1 1730 962
1 1694 935
1 1658 908
1 1622 881
1 1586 854
1 1550 828
1 1514 801
1 1478 774
1 1442 747
1 1405 720
1 1369 693
1 1333 666
1 1297 639
1 1261 612
1 1224 585
1 1188 558
2 1042 1016
2 1047 989
2 1052 962
2 1057 935
2 1062 908
2 1066 881
2 1071 854
2 1075 828
2 1079 801
2 1084 774
2 1088 747
2 1093 720
2 1097 693
2 1101 666
2 1105 639
2 1109 612
2 1114 585
2 1118 558
3 14 774
3 127 747
3 240 720
3 353 693
3 466 666
3 580 639
3 693 612
3 807 585
3 921 558
