0 498 1016
0 531 989
0 564 962
0 597 935
0 630 908
0 664 881
0 697 854
0 730 828
0 763 801
0 797 774
0 830 747
0 864 720
0 897 693
0 930 666
0 964 639
0 997 612
0 1030 585
0 1063 558
1 1878 1016
1 1838 989
1 1798 962
1 1758 935
1 1717 908
1 1676 881
1 1635 854
1 1594 828
1 1553 801
1 1512 774
1 1471 747
1 1430 720
1 1388 693
1 1347 666
1 1305 639
1 1264 612
1 1222 585
1 1181 558
2 2 801
2 106 774
2 211 747
2 317 720
2 422 693
2 528 666
2 635 639
2 741 612
2 848 585
2 955 558
3 35 908
3 109 881
3 183 854
3 256 828
3 330 801
3 404 774
3 478 747
3 552 720
3 626 693
3 700 666
3 774 639
3 848 612
3 921 585
3 995 558
