0 326 1016
0 368 989
0 411 962
0 453 935
0 496 908
0 538 881
0 581 854
0 623 828
0 666 801
0 708 774
0 750 747
0 792 720
0 834 693
0 875 666
0 917 639
0 958 612
0 998 585
0 1039 558
1 102 747
1 214 720
1 327 693
1 440 666
1 553 639
1 666 612
1 780 585
1 893 558
2 1765 1016
2 1732 989
2 1698 962
2 1664 935
2 1630 908
2 1596 881
2 1562 854
2 1528 828
2 1493 801
2 1459 774
2 1425 747
2 1391 720
2 1356 693
2 1322 666
2 1288 639
2 1253 612
2 1219 585
2 1185 558
3 1459 1016
3 1443 989
3 1425 962
3 1408 935
3 1390 908
3 1373 881
3 1355 854
3 1337 828
3 1319 801
3 1302 774
3 1284 747
3 1266 720
3 1249 693
3 1231 666
3 1214 639
3 1197 612
3 1180 585
3 1163 558
