0 1821 1016
0 1785 989
0 1748 962
0 1711 935
0 1673 908
0 1636 881
0 1599 854
0 1561 828
0 1524 801
0 1486 774
0 1449 747
0 1411 720
0 1374 693
0 1336 666
0 1298 639
0 1260 612
0 1223 585
0 1185 558
1 401 1016
1 439 989
1 476 962
1 514 935
1 552 908
1 591 881
1 629 854
1 667 828
1 705 801
1 743 774
1 781 747
1 819 720
1 858 693
1 896 666
1 934 639
1 972 612
1 1010 585
1 1048 558
2 64 854
2 146 828
2 228 801
2 310 774
2 392 747
2 474 720
2 556 693
2 638 666
2 720 639
2 802 612
2 884 585
2 966 558
