0 1805 1016
0 1769 989
0 1733 962
0 1696 935
0 1659 908
0 1623 881
0 1586 854
0 1549 828
0 1512 801
0 1475 774
0 1438 747
0 1401 720
0 1364 693
0 1327 666
0 1290 639
0 1253 612
0 1216 585
0 1179 558
1 404 1016
1 440 989
1 477 962
1 515 935
1 552 908
1 590 881
1 628 854
1 666 828
1 703 801
1 741 774
1 779 747
1 817 720
1 855 693
1 893 666
1 931 639
1 969 612
1 1006 585
1 1044 558
2 59 881
2 135 854
2 211 828
2 287 801
2 363 774
2 439 747
2 515 720
2 590 693
2 666 666
2 742 639
2 818 612
2 894 585
2 970 558
