0 1950 1016
0 1907 989
0 1864 962
0 1820 935
0 1777 908
0 1733 881
0 1690 854
0 1646 828
0 1603 801
0 1559 774
0 1515 747
0 1472 720
0 1428 693
0 1384 666
0 1341 639
0 1297 612
0 1253 585
0 1210 558
1 559 1016
1 589 989
1 618 962
1 648 935
1 677 908
1 707 881
1 737 854
1 767 828
1 797 801
1 827 774
1 858 747
1 888 720
1 918 693
1 949 666
1 979 639
1 1010 612
1 1040 585
1 1071 558
2 7 935
2 77 908
2 147 881
2 217 854
2 288 828
2 358 801
2 428 774
2 499 747
2 569 720
2 640 693
2 710 666
2 781 639
2 851 612
2 921 585
2 991 558
3 1291 1016
3 1282 989
3 1274 962
3 1266 935
3 1257 908
3 1248 881
3 1239 854
3 1230 828
3 1221 801
3 1212 774
3 1203 747
3 1194 720
3 1185 693
3 1176 666
3 1167 639
3 1158 612
3 1149 585
3 1140 558
