0 1884 1016
0 1844 989
0 1804 962
0 1763 935
0 1723 908
0 1682 881
0 1641 854
0 1600 828
0 1559 801
0 1518 774
0 1477 747
0 1436 720
0 1395 693
0 1354 666
0 1313 639
0 1272 612
0 1231 585
0 1190 558
1 508 1016
1 540 989
1 573 962
1 605 935
1 638 908
1 671 881
1 704 854
1 736 828
1 769 801
1 802 774
1 835 747
1 868 720
1 900 693
1 933 666
1 966 639
1 999 612
1 1032 585
1 1064 558
2 93 774
2 200 747
2 308 720
2 415 693
2 523 666
2 631 639
2 739 612
2 847 585
2 955 558
3 49 935
3 117 908
3 186 881
3 254 854
3 323 828
3 392 801
3 460 774
3 529 747
3 598 720
3 666 693
3 735 666
3 804 639
3 872 612
3 941 585
3 1009 558
