0 402 1016
0 440 989
0 479 962
0 517 935
0 556 908
0 595 881
0 634 854
0 673 828
0 712 801
0 751 774
0 790 747
0 830 720
0 869 693
0 908 666
0 947 639
0 986 612
0 1025 585
0 1064 558
1 1820 1016
1 1783 989
1 1747 962
1 1710 935
1 1673 908
1 1635 881
1 1598 854
1 1560 828
1 1523 801
1 1485 774
1 1447 747
1 1408 720
1 1370 693
1 1331 666
1 1292 639
1 1253 612
1 1213 585
1 1173 558
2 1189 1016
2 1186 989
2 1181 962
2 1177 935
2 1172 908
2 1167 881
2 1163 854
2 1158 828
2 1153 801
2 1148 774
2 1144 747
2 1139 720
2 1134 693
2 1129 666
2 1125 639
2 1120 612
2 1115 585
2 1111 558
