0 1886 1016
0 1847 989
0 1807 962
0 1767 935
0 1726 908
0 1686 881
0 1645 854
0 1605 828
0 1564 801
0 1524 774
0 1483 747
0 1442 720
0 1402 693
0 1361 666
0 1320 639
0 1280 612
0 1239 585
0 1199 558
1 467 1016
1 501 989
1 536 962
1 571 935
1 605 908
1 640 881
1 675 854
1 709 828
1 744 801
1 779 774
1 814 747
1 848 720
1 883 693
1 918 666
1 953 639
1 987 612
1 1022 585
1 1056 558
2 62 881
2 138 854
2 214 828
2 290 801
2 366 774
2 442 747
2 519 720
2 595 693
2 671 666
2 747 639
2 823 612
2 899 585
2 975 558
3 74 774
3 180 747
3 287 720
3 393 693
3 501 666
3 608 639
3 715 612
3 823 585
3 930 558
