0 1856 1016
0 1818 989
0 1779 962
0 1739 935
0 1700 908
0 1661 881
0 1622 854
0 1582 828
0 1543 801
0 1504 774
0 1465 747
0 1425 720
0 1386 693
0 1348 666
0 1309 639
0 1270 612
0 1232 585
0 1194 558
1 500 1016
1 533 989
1 564 962
1 596 935
1 628 908
1 660 881
1 692 854
1 724 828
1 756 801
1 788 774
1 821 747
1 853 720
1 885 693
1 918 666
1 950 639
1 983 612
1 1015 585
1 1048 558
2 71 881
2 146 854
2 221 828
2 295 801
2 370 774
2 445 747
2 520 720
2 594 693
2 669 666
2 744 639
2 819 612
2 893 585
2 968 558
