0 1892 1016
0 1852 989
0 1811 962
0 1770 935
0 1728 908
0 1687 881
0 1645 854
0 1604 828
0 1562 801
0 1520 774
0 1478 747
0 1436 720
0 1394 693
0 1352 666
0 1310 639
0 1268 612
0 1226 585
0 1184 558
1 498 1016
1 531 989
1 564 962
1 598 935
1 631 908
1 665 881
1 698 854
1 732 828
1 766 801
1 799 774
1 833 747
1 867 720
1 900 693
1 934 666
1 967 639
1 1001 612
1 1035 585
1 1068 558
2 47 908
2 120 881
2 194 854
2 267 828
2 340 801
2 414 774
2 487 747
2 561 720
2 634 693
2 708 666
2 781 639
2 855 612
2 928 585
2 1001 558
3 97 774
3 203 747
3 310 720
3 417 693
3 524 666
3 632 639
3 740 612
3 848 585
3 955 558
