0 611 1016
0 639 989
0 666 962
0 694 935
0 721 908
0 749 881
0 776 854
0 804 828
0 831 801
0 859 774
0 886 747
0 914 720
0 941 693
0 968 666
0 996 639
0 1023 612
0 1050 585
0 1078 558
1 2015 1016
1 1969 989
1 1921 962
1 1874 935
1 1826 908
1 1778 881
1 1730 854
1 1682 828
1 1634 801
1 1587 774
1 1539 747
1 1491 720
1 1443 693
1 1395 666
1 1347 639
1 1299 612
1 1251 585
1 1203 558
2 19 962
2 85 935
2 150 908
2 216 881
2 282 854
2 348 828
2 414 801
2 480 774
2 546 747
2 612 720
2 678 693
2 744 666
2 810 639
2 876 612
2 942 585
2 1007 558
