0 609 1016
0 636 989
0 662 962
0 689 935
0 717 908
0 744 881
0 772 854
0 799 828
0 827 801
0 854 774
0 882 747
0 910 720
0 937 693
0 965 666
0 992 639
0 1020 612
0 1048 585
0 1075 558
1 2006 1016
1 1960 989
1 1913 962
1 1867 935
1 1820 908
1 1773 881
1 1726 854
1 1679 828
1 1632 801
1 1585 774
1 1538 747
1 1491 720
1 1444 693
1 1397 666
1 1350 639
1 1302 612
1 1255 585
1 1208 558
2 30 962
2 94 935
2 159 908
2 223 881
2 288 854
2 353 828
2 418 801
2 483 774
2 548 747
2 613 720
2 679 693
2 744 666
2 809 639
2 874 612
2 938 585
2 1003 558
