0 1867 1016
0 1828 989
0 1789 962
0 1750 935
0 1710 908
0 1671 881
0 1632 854
0 1592 828
0 1552 801
0 1513 774
0 1473 747
0 1434 720
0 1394 693
0 1355 666
0 1315 639
0 1275 612
0 1236 585
0 1196 558
1 452 1016
1 489 989
1 525 962
1 562 935
1 598 908
1 635 881
1 672 854
1 709 828
1 745 801
1 782 774
1 819 747
1 856 720
1 892 693
1 929 666
1 966 639
1 1003 612
1 1039 585
1 1076 558
2 28 908
2 104 881
2 180 854
2 256 828
2 332 801
2 408 774
2 484 747
2 560 720
2 636 693
2 712 666
2 788 639
2 864 612
2 940 585
2 1016 558
