0 1908 1016
0 1868 989
0 1826 962
0 1784 935
0 1742 908
0 1700 881
0 1658 854
0 1616 828
0 1574 801
0 1531 774
0 1489 747
0 1447 720
0 1404 693
0 1362 666
0 1320 639
0 1277 612
0 1235 585
0 1193 558
1 515 1016
1 547 989
1 580 962
1 612 935
1 645 908
1 677 881
1 710 854
1 742 828
1 775 801
1 808 774
1 840 747
1 873 720
1 906 693
1 938 666
1 971 639
1 1004 612
1 1036 585
1 1068 558
2 43 908
2 116 881
2 189 854
2 262 828
2 335 801
2 409 774
2 482 747
2 556 720
2 629 693
2 703 666
2 777 639
2 850 612
2 924 585
2 997 558
