0 1878 1016
0 1839 989
0 1799 962
0 1759 935
0 1719 908
0 1678 881
0 1638 854
0 1597 828
0 1556 801
0 1516 774
0 1475 747
0 1434 720
0 1393 693
0 1352 666
0 1311 639
0 1270 612
0 1228 585
0 1187 558
1 443 1016
1 477 989
1 513 962
1 548 935
1 584 908
1 620 881
1 656 854
1 693 828
1 729 801
1 765 774
1 801 747
1 838 720
1 874 693
1 910 666
1 946 639
1 983 612
1 1019 585
1 1055 558
2 1153 1016
2 1151 989
2 1149 962
2 1147 935
2 1145 908
2 1143 881
2 1141 854
2 1139 828
2 1136 801
2 1134 774
2 1132 747
2 1130 720
2 1128 693
2 1125 666
2 1123 639
2 1121 612
2 1119 585
2 1116 558
