0 1974 1016
0 1929 989
0 1884 962
0 1838 935
0 1793 908
0 1747 881
0 1701 854
0 1655 828
0 1609 801
0 1563 774
0 1517 747
0 1471 720
0 1424 693
0 1378 666
0 1332 639
0 1285 612
0 1238 585
0 1191 558
1 558 1016
1 588 989
1 618 962
1 647 935
1 677 908
1 707 881
1 737 854
1 767 828
1 797 801
1 827 774
1 857 747
1 887 720
1 917 693
1 946 666
1 976 639
1 1006 612
1 1036 585
1 1066 558
2 45 935
2 113 908
2 181 881
2 250 854
2 318 828
2 387 801
2 455 774
2 524 747
2 593 720
2 661 693
2 730 666
2 798 639
2 867 612
2 935 585
2 1003 558
3 36 801
3 138 774
3 241 747
3 343 720
3 445 693
3 548 666
3 650 639
3 753 612
3 856 585
3 958 558
