0 95 747
0 209 720
0 323 693
0 437 666
0 551 639
0 665 612
0 779 585
0 893 558
1 326 1016
1 368 989
1 410 962
1 452 935
1 494 908
1 537 881
1 579 854
1 621 828
1 663 801
1 705 774
1 746 747
1 788 720
1 829 693
1 870 666
1 911 639
1 952 612
1 992 585
1 1031 558
2 1744 1016
2 1713 989
2 1681 962
2 1648 935
2 1616 908
2 1583 881
2 1550 854
2 1517 828
2 1484 801
2 1451 774
2 1417 747
2 1384 720
2 1350 693
2 1316 666
2 1281 639
2 1247 612
2 1212 585
2 1177 558
3 1437 1016
3 1421 989
3 1405 962
3 1388 935
3 1371 908
3 1354 881
3 1337 854
3 1320 828
3 1303 801
3 1285 774
3 1268 747
3 1250 720
3 1233 693
3 1215 666
3 1198 639
3 1180 612
3 1162 585
3 1144 558
