0 1930 1016
0 1887 989
0 1843 962
0 1799 935
0 1755 908
0 1710 881
0 1666 854
0 1621 828
0 1576 801
0 1532 774
0 1486 747
0 1441 720
0 1396 693
0 1351 666
0 1305 639
0 1259 612
0 1214 585
0 1168 558
1 476 1016
1 510 989
1 545 962
1 580 935
1 614 908
1 649 881
1 683 854
1 718 828
1 752 801
1 786 774
1 819 747
1 853 720
1 886 693
1 919 666
1 951 639
1 983 612
1 1015 585
1 1046 558
2 23 908
2 96 881
2 168 854
2 241 828
2 314 801
2 386 774
2 459 747
2 531 720
2 604 693
2 676 666
2 749 639
2 821 612
2 893 585
2 966 558
