0 343 1016
0 384 989
0 425 962
0 467 935
0 509 908
0 551 881
0 592 854
0 634 828
0 676 801
0 718 774
0 760 747
0 802 720
0 844 693
0 885 666
0 927 639
0 969 612
0 1011 585
0 1052 558
1 1764 1016
1 1731 989
1 1698 962
1 1664 935
1 1630 908
1 1595 881
1 1561 854
1 1526 828
1 1492 801
1 1457 774
1 1422 747
1 1388 720
1 1353 693
1 1318 666
1 1283 639
1 1247 612
1 1212 585
1 1177 558
2 1139 1016
2 1138 989
2 1136 962
2 1135 935
2 1134 908
2 1133 881
2 1131 854
2 1130 828
2 1129 801
2 1128 774
2 1126 747
2 1125 720
2 1123 693
2 1121 666
2 1120 639
2 1118 612
2 1116 585
2 1113 558
3 105 747
3 225 720
3 344 693
3 463 666
3 582 639
3 702 612
3 821 585
3 940 558
