0 1884 1016
0 1844 989
0 1804 962
0 1763 935
0 1723 908
0 1682 881
0 1641 854
0 1601 828
0 1560 801
0 1519 774
0 1478 747
0 1438 720
0 1397 693
0 1356 666
0 1316 639
0 1275 612
0 1234 585
0 1193 558
1 541 1016
1 571 989
1 600 962
1 630 935
1 660 908
1 690 881
1 721 854
1 751 828
1 781 801
1 812 774
1 842 747
1 873 720
1 904 693
1 936 666
1 967 639
1 999 612
1 1031 585
1 1064 558
2 57 935
2 124 908
2 192 881
2 259 854
2 327 828
2 395 801
2 463 774
2 531 747
2 599 720
2 667 693
2 735 666
2 803 639
2 871 612
2 938 585
2 1006 558
